-0.755281
0.241580
0.780676
2.923160
0.234839
1.479717
-0.319545
0.791219
1.888563
2.306481
2.795832
-1.533340
0.577233
2.030267
-1.339241
1.562746
1.807510
-0.684582
0.998119
0.808404
0.245949
0.022374
0.056536
1.283437
-2.846576
0.887411
0.368336
-1.970273
0.930218
0.949979
2.155866
1.614059
0.263628
-0.396531
1.489713
0.450780
2.247675
-1.072000
1.726722
-1.610942
1.278810
-0.600158
0.987956
0.435699
-0.807181
1.657355
0.514833
-0.842159
-0.474140
0.486959
3.315900
-3.217843
-2.025514
-0.646444
0.718624
0.831994
4.095200
3.366925
3.044214
1.712038
4.681219
0.541260
0.657237
3.170169
0.946424
1.202537
0.786447
2.294970
3.125705
2.416209
-0.930448
-3.179001
3.101615
-0.713759
-0.186272
0.549970
-0.651358
-0.060753
1.867205
-0.179559
-1.220178
0.774015
3.131808
2.059587
2.349894
0.437786
-2.181057
-1.546630
0.370461
0.374765
1.442843
1.861885
-1.387814
1.651954
-0.130138
-0.222472
-0.303377
-1.963733
1.676392
0.878594
-0.063711
-0.326197
0.172871
0.159268
-2.811976
-0.796325
-0.022458
-0.796069
-2.991374
-2.132773
0.611260
-0.101849
-1.197170
4.332743
4.300689
0.442460
1.470922
2.542225
-1.030318
0.127860
1.780281
0.940668
2.630897
-1.392226
-1.026433
-1.011341
1.323322
0.344234
-0.767520
2.815573
0.342141
2.569296
3.439194
-0.117895
2.639121
0.498158
1.986358
1.895103
0.169371
-0.047619
3.146288
-0.268270
3.228826
0.817574
1.100187
1.706256
0.119317
3.008835
0.320762
1.730874
1.392051
-0.299089
0.896989
0.342436
0.604221
-1.636006
0.641501
1.974602
1.972317
0.143291
1.406036
-0.352354
0.934534
1.785508
0.902314
-0.702848
1.428941
1.282045
-0.373046
3.448316
-0.407816
-2.275323
0.896211
-0.206641
0.490122
0.937204
2.802392
1.917520
2.865498
0.209083
-1.200898
0.096001
-0.711684
2.798265
0.561708
0.567733
1.900482
1.277529
0.418058
0.451106
0.728631
-0.484159
-1.981972
-0.383442
0.817662
4.591754
0.864756
-2.907378
-0.235204
-1.525309
-0.417802
-0.809679
1.567139
-0.464437
2.266315
1.028336
0.064296
-0.017586
-1.144183
2.243501
-0.758761
0.455907
1.250967
-0.563034
0.908412
-1.667748
1.887640
-1.000531
-1.058931
1.812200
-1.884953
-0.179174
-1.540607
-0.299689
-1.658745
2.092950
0.626608
-1.230007
-0.938768
2.673083
-0.496716
0.818386
-0.100359
-0.389685
-2.461473
0.112035
0.869361
-2.952271
1.995727
1.303632
1.232724
2.686547
0.890353
-0.700122
-0.881683
2.168934
2.302111
2.393303
3.550457
4.557895
1.928865
1.264851
-1.983562
-1.673547
0.496780
0.508886
2.266747
-1.124844
2.164476
4.746577
0.045614
-2.110407
1.192464
1.045676
0.840050
0.557610
1.403176
2.652018
0.625545
1.482420
0.541340
0.361819
1.390986
0.862705
3.169584
-0.193343
-0.369258
1.681057
1.520159
2.990021
1.129323
3.297312
0.658422
-1.369652
1.096655
-1.095567
0.016226
2.660683
0.250348
0.473129
0.930942
1.462547
-0.677073
2.359104
-2.788599
-0.515815
3.671152
0.917895
0.756685
0.000779
1.247398
-0.713027
1.140182
-1.564514
-1.618809
-0.422498
0.051807
0.271628
1.066735
-2.257951
2.176780
-0.074018
-0.522193
0.542473
0.772411
2.512991
-2.000381
1.408492
-0.280318
-2.477220
1.590024
1.684562
-0.071635
-0.009575
1.570805
0.489518
0.854156
-0.321216
-1.114347
0.455340
-1.230143
1.066214
0.349624
0.506032
1.172636
0.439127
1.564191
1.252134
-0.251814
3.248677
-0.562335
2.362123
-0.056146
0.094867
-2.044775
0.265617
-1.151422
2.569915
-0.617932
1.056688
-1.640684
3.311067
-0.374572
1.668905
-2.666199
1.866865
1.253319
-1.417120
0.264778
0.104913
0.342707
1.573860
-3.717188
0.143548
2.590883
4.109189
0.901068
2.797680
-0.421008
-0.282223
1.355472
1.493937
-0.430355
-0.241640
0.014992
2.958887
0.050822
0.943850
0.949511
-0.892792
0.279641
1.205247
0.498733
-3.035393
1.291899
3.626152
-1.472975
2.266007
1.053735
-0.442126
-0.640620
-3.708403
-1.996646
0.171329
1.553008
-1.251367
0.528207
1.196316
0.041764
1.460532
-1.097488
-0.436684
0.792155
3.497340
0.420902
0.617660
0.970526
-1.209751
-0.873696
-2.586313
0.436394
0.427194
-0.751165
0.365172
-2.285982
2.675779
3.304558
-1.386086
-0.667927
0.490709
0.959287
-0.574707
2.065700
2.319700
0.210311
-0.013580
-3.048806
1.342511
-0.453241
1.810342
3.278534
0.386306
-2.213999
-0.019440
2.100256
0.165070
-1.613591
1.067668
-1.431008
-0.526037
-2.934655
3.009423
-0.089870
-0.368786
1.437107
0.342832
0.338148
-1.427011
0.625982
-1.543935
1.521012
-0.302961
0.706436
-2.759735
1.413663
2.138562
1.649633
-0.987470
2.233752
-0.645106
3.045158
-0.123589
-1.575159
-0.610487
-0.421153
1.540664
1.660063
0.417549
1.899407
-0.481633
2.377923
0.705173
-3.341025
0.286112
-0.819128
-0.651525
3.421428
-1.038314
1.604540
1.332187
3.245643
0.856088
0.241783
-1.760518
3.060544
2.712384
0.108851
-0.801780
2.136851
0.684989
0.181635
0.393697
1.666439
1.377121
-0.554228
3.320860
-0.207264
-1.291022
1.444227
-0.577439
0.630065
0.576633
2.110699
0.905339
-1.329760
0.531699
-1.362628
0.630775
4.482726
1.505493
1.118728
4.219285
-2.661113
1.144563
-0.797140
-0.115270
1.788446
3.114238
1.618216
2.997871
0.474843
-1.299975
0.472918
1.741931
0.292310
-0.019212
-0.505853
3.378817
3.036123
3.699471
2.886995
2.087677
1.580847
0.628706
0.533050
3.383485
0.206474
-0.777971
-0.286405
-0.653818
2.596092
2.032997
-1.957048
0.373218
2.709633
-0.739628
1.963713
1.551845
1.192878
1.585056
0.925832
-0.316378
0.840308
1.452624
1.599770
-1.791449
-0.064514
2.707851
-1.259482
5.017803
-2.180982
4.543199
-1.093036
0.528814
0.110097
1.685157
-1.737310
1.602862
0.778730
1.301958
-0.549736
-1.253328
2.593296
-2.013243
0.284307
-0.858966
-0.181211
-2.064004
-0.072893
4.283283
-0.927564
0.190716
2.301898
-0.552156
0.888248
0.933686
2.448653
-0.052846
0.717939
3.508248
-1.050630
1.763018
0.591093
1.103636
0.808462
3.103395
1.505792
-2.147877
-0.024905
0.735085
-0.065421
2.454073
2.060074
0.179677
2.268705
-2.385490
1.871219
4.369608
0.225347
2.825153
0.045311
1.995867
-0.399018
1.758516
0.706089
0.668874
1.923334
-0.807577
0.562704
-0.830004
3.151722
-1.941078
-0.881722
0.575540
0.286224
-0.597434
2.225370
2.492205
-0.794354
-0.297897
0.792749
3.268919
1.147454
2.683732
-1.178137
0.794565
-1.825091
-1.185574
0.023252
1.192945
2.179597
-1.707542
0.941200
-0.762623
2.007025
0.216739
-0.985601
-0.082806
2.025015
2.195827
0.275263
3.509916
0.491069
-2.956151
2.922221
0.021037
-1.213208
-2.123673
-1.906532
0.351636
1.165751
-0.478347
0.007311
-0.885085
-0.177850
-0.104717
0.951683
0.396511
-0.687576
2.709183
-0.864428
-1.726000
-0.365280
1.317706
0.961020
-1.117014
4.592223
0.058802
-2.805878
-0.019341
-2.310137
-0.731913
1.365802
2.239212
-2.652656
0.473943
0.229833
-2.285316
-0.748393
-0.150060
1.399351
2.111789
0.904673
0.886362
-2.176271
2.575017
1.958269
1.072245
1.357282
-0.033436
1.653092
-1.856948
-0.248511
0.296601
-1.730660
-0.745914
0.621840
2.673331
-0.041732
-0.642301
0.311095
1.684351
0.571957
-1.251298
-1.602518
0.256315
-0.413355
3.654476
-1.524491
-0.026942
0.965942
0.974182
3.155731
2.264036
1.713961
-0.234517
2.666894
-0.965868
0.663067
0.230292
1.589503
1.346675
2.870957
-0.519262
0.105547
-0.731634
0.334685
-0.380060
-1.286768
-0.235905
0.007200
1.956881
1.224362
1.960826
0.973438
-2.691709
1.221304
1.995610
1.344378
2.893863
-1.484286
0.270072
2.302197
2.368614
1.869929
-1.343368
0.322734
1.323365
0.695662
2.377687
-0.068617
0.288869
0.581015
0.093700
2.183853
4.417657
2.437766
-1.538622
1.789824
0.926345
-2.291329
-2.393153
1.352582
0.738033
4.032412
1.813155
-0.793179
3.142755
0.811963
1.098213
1.250446
0.191765
-0.616999
1.011623
0.184873
0.606850
1.854527
1.121385
1.067030
1.100852
0.251615
-0.346214
1.375614
-1.663499
2.322454
2.389317
0.712522
1.694783
0.823144
2.060915
0.186825
0.491900
1.259311
1.543596
-1.280677
1.254612
-0.411358
-0.026688
-0.655633
-2.493147
-0.139452
1.229576
0.296034
1.340956
0.822391
2.160570
0.815457
1.825777
0.774519
-0.738783
-1.512972
1.750596
-0.532929
-0.316243
0.538510
3.738384
0.774170
-1.049204
-0.532358
1.587690
-2.198983
0.561391
0.739902
1.817352
-0.313748
3.282745
0.064736
-0.932708
1.719551
-0.872817
-3.581460
-0.639102
-0.028976
0.589709
0.376243
0.888932
-1.417230
0.366455
3.736700
1.078251
2.343862
2.059998
1.989759
-0.093366
0.816565
-1.002029
-0.373580
-2.539601
-0.163089
1.002575
-0.965333
2.044940
-0.732624
-0.470883
3.049262
-0.959322
0.850508
-0.005431
0.803950
1.183451
-0.987931
0.977913
1.140913
2.731190
-0.541386
-0.871209
-2.220173
0.275781
2.362350
-0.647239
1.018484
-0.508567
0.120155
1.578328
-0.602216
-2.314414
-0.332737
-0.171112
-0.727391
-0.540296
1.181985
3.644890
0.205068
1.646988
0.298772
-3.082817
2.257593
-0.151305
-0.033095
2.572364
1.882859
0.751708
-1.718570
2.391841
-0.888948
1.866782
1.908853
-0.099305
1.441325
-1.653090
0.434264
-0.004595
-0.870043
-0.550333
-0.887156
-0.021294
-0.743646
2.163420
-0.190878
2.051008
-0.243573
-0.032648
0.830405
0.100169
-1.049204
-0.063335
-0.164235
-0.952811
1.603125
1.384904
0.896744
0.869288
-0.377472
-0.058760
0.245175
0.695802
-0.132221
0.046401
1.877415
1.546746
-0.645389
-0.601403
0.407698
-0.010038
-1.402309
1.200722
-1.072030
-2.504167
2.235540
2.883171
0.608184
0.086477
2.794632
1.304970
-1.046010
1.474324
-0.708647
0.673869
-0.889129
1.053643
-0.857207
0.059655
-0.067958
-2.275613
-1.204865
2.622655
0.839885
0.128095
2.344408
-0.252664
-1.349056
-2.778397
-0.335080
1.468560
2.298499
-1.449024
0.542788
1.809107
1.026775
-1.252687
3.828270
0.117615
0.006179
0.783178
1.222267
1.804763
-2.151053
-2.832153
2.600328
1.782207
1.934530
0.785938
1.781477
0.176522
-2.146151
0.169207
1.249277
1.645341
-1.065253
0.106005
