1.059778
-0.307870
-1.378647
-2.922270
-1.585581
-0.860160
1.281862
-2.737216
-1.397473
0.679652
0.918664
-2.007524
-2.451681
-2.406017
0.069392
-0.723305
1.419857
1.523884
-0.074067
-1.840584
-1.696228
-0.499178
-1.688278
-1.886463
-2.784563
-2.153311
-2.694350
-0.944142
-0.190255
0.389226
-0.280113
0.145237
-0.997463
-1.367607
-2.363555
-1.262935
1.856023
-2.814058
-2.879335
0.008834
1.479444
-1.991600
0.179429
-1.337339
1.337573
-1.413290
-0.172054
1.281499
1.150350
1.932299
-0.855009
-2.127618
-0.883779
-0.670999
0.513496
-1.668805
0.387255
1.594662
-0.516145
-1.857734
0.069275
-2.687410
0.696544
-0.187774
-2.911174
-0.106485
-1.693629
-1.816063
0.422377
1.887528
1.686272
-0.834678
-0.427084
-0.007402
-1.407113
-1.342705
1.159368
-1.504191
-2.934275
1.640680
-2.091482
1.456915
-0.623871
-2.392350
-0.222052
0.965992
-1.566579
-1.500584
-2.323349
-0.535935
0.545991
-0.528910
-1.392094
1.078209
-0.544010
-0.177457
0.483602
0.897384
0.340667
-1.413273
0.120691
1.452464
-0.432573
-2.259517
-2.696493
-1.959254
-1.179909
-2.736265
-0.404443
0.518967
0.282464
0.364059
1.742626
1.312060
-0.198266
0.748322
0.039255
-2.237118
-1.248758
0.127409
-0.630754
1.917243
1.093703
-0.135386
-2.441189
-1.063752
-0.480346
-0.168617
-0.951169
1.691481
1.710032
-1.486516
-0.880047
-2.949185
1.051411
-0.941856
-1.778239
1.141877
-0.468647
1.458971
-1.077064
0.792871
-1.211058
-1.260927
0.598280
-1.713459
-0.095463
-1.451647
0.172297
-1.208828
1.220768
0.454055
-0.706641
1.477088
-1.572758
-0.345704
-2.249862
-0.426118
1.232549
-1.550582
-2.630991
-1.057387
1.496457
-1.053869
0.630663
-2.438039
1.877918
0.175993
0.923504
-0.667520
-1.011864
1.599928
-2.004018
1.468827
-0.429493
-0.486675
-1.551124
-1.743976
1.999788
-1.562681
-0.974230
-0.876743
-2.419804
-1.637979
-1.506004
1.585030
-2.402089
1.086617
0.773374
1.101796
0.876189
-0.890031
-0.743294
0.461803
-0.473509
-0.266873
-2.329836
0.444542
-0.589152
1.122137
-2.240257
0.997522
-1.648947
-0.861063
1.116511
-1.797746
-1.720423
-2.147229
-0.476450
0.303149
-1.980635
-0.539511
0.441392
1.484909
-0.143248
0.434319
-2.399362
1.916544
-0.642994
1.193691
0.371461
1.145661
-1.876422
0.971994
-0.704206
-2.598201
0.044466
0.332479
0.981977
-2.920311
1.334593
-1.488827
0.282691
-0.807555
0.424763
1.989492
0.393517
1.834010
-2.790365
0.342572
0.610469
-1.846230
-1.580311
-2.289022
1.403346
-0.971855
-0.974743
0.496954
0.314727
-2.380155
-0.267912
0.208282
-1.406852
-1.959821
-0.706205
-1.189682
-1.980646
-0.714861
-1.662751
-2.852335
-1.199453
-1.215635
1.820068
-2.118082
-0.606976
1.557719
-1.422873
-1.218385
0.599762
-1.806586
-0.292343
-0.406134
-2.888366
-1.769471
-1.495886
1.652034
-1.265738
-0.262085
-1.859929
-1.829238
-1.004902
-1.379690
-0.445745
1.360633
1.155285
-0.123018
0.435200
-2.584437
1.372610
-2.548345
-2.039084
-2.886480
-0.062579
1.229841
-2.062211
-1.572778
-0.680829
0.302050
-0.446015
1.833900
0.356312
1.536651
-0.507853
-2.490720
1.474033
-2.919141
1.003003
0.468867
-1.760127
0.545731
0.105267
-2.774143
-2.016698
-1.640352
-1.389338
-2.614103
-2.236102
0.841332
-1.723823
0.709084
0.571068
0.935514
1.186635
1.770231
0.269561
-1.487258
1.647069
0.277851
-2.150572
-1.657103
-2.924502
0.886626
-0.473507
-0.240302
-0.759045
0.724611
1.528046
-0.133092
1.126181
0.713994
-1.903234
0.350235
-0.601107
0.191807
1.698160
-1.019879
1.895865
1.805399
1.351521
-1.987352
1.576735
-1.818957
1.786149
-2.200798
-0.806004
1.492247
-1.811095
-1.069715
-0.705339
-1.633535
-1.821545
-1.710190
-0.162138
-2.058981
-2.293190
1.360393
-2.875999
1.077687
0.689791
1.319111
-1.703709
-1.235631
0.749550
0.686509
1.151738
0.266071
-0.147305
-2.751867
-2.620958
-2.446362
-2.999610
-1.438685
-1.979932
1.277915
0.924599
-2.258843
-1.376550
-2.675550
0.024034
1.934797
1.136241
-0.198316
-0.090313
0.107567
0.874582
-2.903644
1.454084
1.797635
0.851392
-2.655033
-0.141754
0.541546
-0.228865
1.458305
-2.260280
-0.525673
-1.990023
1.685816
1.501233
-0.779190
-2.853241
-1.428551
-1.651449
-2.908232
-0.650288
-1.391239
0.445818
0.869774
1.295002
-1.897464
-2.672010
-0.479868
-2.142050
1.573594
0.397817
-0.887670
-1.063171
-0.717733
0.068312
1.127737
1.866042
0.561980
-1.797491
-2.425781
-2.101363
0.388051
-0.023460
-1.286778
1.124395
0.704094
1.709643
1.966491
-1.185962
0.530639
1.456553
-1.718969
-2.706378
1.909076
-1.170248
-0.363404
0.274695
-0.200011
1.411215
1.298090
-0.009340
1.024978
-0.198194
1.954091
0.408586
0.096845
0.683817
0.911841
-1.683712
-0.153960
0.386307
0.665379
1.019824
-1.816184
-1.596983
-2.492568
0.401039
-1.741717
-0.029681
-0.856658
0.141012
-2.016951
-0.899266
-0.965201
0.859691
1.828359
-2.770086
1.160957
0.205055
-0.636234
-0.186132
-0.320014
-0.472787
1.865291
-2.054479
-1.631178
-2.207399
-1.753280
0.626817
-2.084984
0.674877
0.651891
-0.670453
-0.299794
-0.640016
1.248528
1.999266
-0.341362
0.719566
1.745457
-1.099779
-0.992839
1.353875
-2.420085
-1.377706
-2.105882
-0.554145
-0.508483
1.919968
1.900542
0.411770
-1.384994
0.413631
-0.108004
-2.231345
0.777403
-1.190132
0.454307
-1.456258
-2.323238
1.343646
0.661191
0.645268
-1.976411
0.457946
-0.305821
-1.942427
1.634005
0.722210
1.186556
0.445657
-1.843393
1.089987
-2.594509
-2.913244
0.101938
1.276826
-2.383509
-1.633580
-2.572681
-1.049407
0.617064
-1.005392
0.371200
1.752485
-2.983041
-2.963514
0.217241
-0.831577
1.684404
-2.221940
-1.149543
-2.371799
0.171315
-2.709985
1.290558
-1.585288
-0.938040
-2.630107
-1.216008
0.550246
0.986770
-2.364666
0.057283
0.751728
-2.706940
-2.547957
-0.514240
0.167495
-1.905465
-2.155174
0.983620
-0.299136
0.415709
-0.183497
-1.032469
0.301246
1.038315
-1.033956
0.301201
0.277827
-2.560830
-1.867957
-1.755492
-1.553289
1.867908
1.919150
-1.837827
-0.363848
-2.189548
-1.734697
-2.052722
-2.092230
-1.106677
-1.919799
1.939984
-1.692328
0.047447
0.441200
-1.752547
-2.064691
1.736740
-2.612934
-2.578884
-0.300011
0.717748
1.192681
-1.605577
-1.939757
1.502619
-2.480676
0.276727
-1.054775
0.392527
0.200001
-0.574528
1.902885
-0.206918
0.322719
1.944251
0.024568
0.911408
1.033107
1.438083
-2.148501
-1.854139
0.492525
0.859816
-1.081609
-0.603763
0.562249
-2.277215
-0.145483
-2.135423
-2.055254
0.349853
-2.029530
-2.316618
-2.401384
-2.065238
-2.457601
-1.891067
-0.155345
-2.888493
1.094909
0.130175
0.849740
-0.420487
0.878006
-0.347898
0.871112
-1.214517
0.613568
0.230275
-1.768762
0.412757
0.208162
1.570540
-0.928099
-0.567647
-2.436525
-2.681646
-2.432179
0.361858
-0.255439
-0.166096
1.425803
1.460672
-2.488198
-1.136198
1.914334
-2.780525
0.712150
-2.891312
-1.287339
1.683954
0.220213
-0.876175
-2.875390
1.325418
-0.703481
-0.406087
-2.100720
1.193528
-2.376260
0.201311
1.429035
0.790427
-2.289753
-0.884132
-1.614618
1.113358
0.203333
0.424318
-0.492282
-0.785815
0.814151
1.443020
0.846623
-2.802885
-0.087992
-0.883696
0.725890
-1.964387
-2.452873
-2.443949
-2.444968
0.414226
-0.099409
-2.761734
1.531586
-0.641924
-0.819473
0.119994
-0.256684
-1.090481
0.283868
-1.038616
1.985345
0.697037
-1.892253
-0.090321
-0.023251
-2.779547
-2.846605
0.117130
1.593262
0.948593
0.994207
-2.365496
1.102123
1.379379
1.221080
0.695061
-0.111434
0.137150
-1.925414
-2.437499
0.958855
-1.528424
-0.221153
1.080551
-1.186295
-0.056175
-1.135824
-1.800191
-2.809801
-1.319515
0.909387
-2.927465
1.090882
-2.542836
0.560913
0.257584
-2.789459
0.567482
0.673567
-1.366777
1.574074
-1.535231
0.372081
1.566628
-1.680754
-0.429397
1.119452
-2.366241
-1.419755
1.179861
-2.070219
-1.170011
-1.380604
-0.802608
-1.429573
1.170101
-1.118628
-2.774213
1.794946
0.661897
-2.501461
0.949865
-2.613430
-0.921520
0.021651
1.890474
1.204805
-2.833806
0.231189
-1.411704
1.491407
-0.916521
-0.967597
0.600495
0.526950
-0.549697
-0.756913
1.561282
-1.543869
0.191053
-0.972497
-1.752749
-0.452609
1.001319
-2.822832
-0.341242
-2.245578
1.570374
1.283991
-1.958539
0.835602
1.968360
0.222510
-2.279496
1.511373
-0.355539
-2.539885
0.157280
1.401759
-2.636256
0.438742
1.942263
1.608515
-2.694182
1.879065
-0.563938
-0.102899
-1.418024
0.270789
-0.850179
-0.963199
-0.494239
1.329543
-1.375624
-2.109645
1.188560
-0.861862
-2.323126
-1.775990
-1.069829
-2.620021
-1.695715
-1.885594
1.828286
0.997065
0.670880
-1.523324
0.501735
0.654795
-1.865840
-1.175956
-1.299234
1.779191
0.870389
1.627844
-2.817290
-2.189329
1.943305
-0.869184
-0.371064
1.522820
-2.956577
1.809598
1.925062
-2.478861
0.787123
-2.826100
-0.263375
1.460793
-0.448528
-0.415541
-1.004622
-1.676394
-2.154272
1.157032
-0.754685
-0.987859
0.053020
-0.887100
-1.481465
-0.976776
1.330196
-0.395502
0.803297
-0.990586
-0.779529
1.464110
0.298856
0.880158
0.817480
-2.613701
-0.466840
1.820431
-1.012497
0.967688
1.937723
0.304545
1.486537
-2.770208
-0.890139
-2.560772
-0.901048
-0.919456
-0.293759
0.798456
-2.352503
-0.525152
1.763263
-1.848103
1.939762
-0.418893
-2.328066
0.189010
-0.306113
-1.848621
-1.774626
1.857832
-2.408144
-0.680132
-2.978119
-0.239026
0.691781
-0.244135
-0.180669
1.494489
0.881169
-2.189751
-0.137328
-0.079184
-2.840134
-1.131283
-0.467772
1.149340
-0.044896
-1.571182
1.139317
1.490549
-0.345411
-2.322262
-2.261636
1.677483
1.452229
0.613193
-1.069287
1.492495
-2.645158
0.837224
-0.770361
0.538437
-2.484907
-0.830103
1.451849
-0.764516
-1.212845
-1.284562
-1.637662
-1.184543
-0.611300
-1.119316
0.657317
0.528780
0.210948
-1.607462
1.385557
0.054891
0.549469
-2.070940
1.701151
-0.752400
-2.594626
0.114980
0.471594
-0.928048
0.302254
-2.011373
-2.150084
1.529984
-2.559704
-2.941879
-1.157004
-2.760918
0.256181
-1.372814
0.119714
0.044090
-0.982305
-1.597765
-0.630577
-0.110850
-0.062006
0.873610
0.773406
1.639310
-0.108521
-0.916502
-0.652233
0.915669
-2.356592
0.757369
-2.901082
-0.478305
-0.881059
0.044819
1.276176
1.697493
-2.236397
0.884032
0.925789
-2.258048
1.991006
0.839665
0.248423
-1.760126
0.569250
0.376321
-2.180150
1.226949
-0.674803
1.583016
-1.245032
-2.247627
-2.872968
-2.971671
-1.867173
1.417266
-2.013621
0.075827
-2.577556
-2.981358
0.316641
-0.219882
-2.558118
-1.289648
-2.111749
0.827498
0.761438
0.488159
-2.508796
-2.338069
-2.920893
1.554528
-0.055025
-1.796083
1.228089
-1.498124
-0.978519
-2.970243
-2.882130
-1.957990
0.059018
-0.090625
-0.127257
-0.805773
0.364499
-0.859655
-0.224453
0.620433
0.612520
-2.384926
-0.445426
1.733827
-1.576265
0.710935
1.683272
-1.237591
-2.198017
0.932917
-2.467718
-1.939052
-1.654871
-0.418859
-1.751967
-2.314404
-0.198347
-0.612410
0.221720
-0.556462
0.546055
0.551677
0.030315
-2.494956
0.279705
-1.004987
-2.821542
1.347545
1.192125
-0.958519
-1.831167
1.584303
0.385918
-0.874179
0.674808
-0.511303
-0.474216
-2.140805
-2.515873
-1.282133
-0.809802
-2.347447
-0.548979
1.317140
0.168561
1.010894
-1.904423
0.355348
0.342367
-2.841390
-2.245379
-0.085692
-2.222958
1.749449
0.984219
-0.237947
-1.180744
-1.761549
1.644626
-0.776699
-0.979701
-2.827581
-0.162030
-0.227650
1.891547
-0.772240
-1.038380
0.947406
1.044596
-0.475918
-0.754285
0.726853
-0.786264
-1.744869
1.985721
-2.997766
-0.446302
-2.996574
-0.424219
-1.846234
-1.662527
0.906513
-1.230564
0.908509
-2.694572
0.330702
1.111034
1.145994
-1.276655
1.259410
-0.096176
1.571191
0.002834
0.630297
1.404878
-0.215392
-2.087030
1.278218
1.019135
1.606660
1.129906
-1.665426
-2.806609
-2.677659
-0.406057
-1.605194
-0.491416
-1.225285
-0.365587
-1.413328
-0.808690
1.340122
1.435416
-1.962683
1.194064
1.637370
-2.728085
-2.921393
-1.852637
0.737574
-0.589238
-0.330124
-0.392225
0.873935
1.232573
-1.149637
1.049896
-1.396731
-1.857285
-2.388296
-2.090221
-2.342350
0.117364
0.530864
0.240563
1.143909
-1.311123
1.954609
-0.874796
0.308390
1.111412
-2.503729
-2.173045
0.639812
1.327616
1.243791
-2.608175
-2.603329
-1.158179
-2.508178
-1.944729
-2.053617
-2.133651
-2.266331
-2.232472
1.837942
-1.718238
-0.423165
0.863744
-0.063249
-0.034104
-0.193040
-1.420641
1.289803
0.710949
1.924246
-1.189094
-2.110146
-2.229521
1.435522
-0.185705
1.848862
1.825774
-1.215631
1.879861
-2.169381
-2.782314
0.644727
-1.081179
1.629798
0.020630
-0.280149
-0.467802
0.647592
-2.932494
1.571612
-2.920641
0.782959
-2.818846
1.647392
0.721365
1.984904
-1.709330
-0.704995
-0.852900
-1.695845
0.936836
-1.588198
0.150244
-1.848576
-1.015625
-1.607473
1.196002
-0.790338
-0.211434
-0.577136
-1.921339
1.056107
-2.015231
-1.988462
-2.087356
0.810013
1.881938
-2.275905
1.869233
-0.806533
-2.400505
-2.280561
-1.395086
0.789012
-1.070881
-0.291806
-1.390587
1.408997
-0.996595
-1.769667
0.207335
-2.325844
-2.451660
-2.043656
0.268983
-1.196887
1.920964
-1.353023
-2.263740
1.325147
-0.259837
0.924412
-0.407196
-0.740275
1.193464
1.542214
-2.005633
-0.670439
-0.071303
-0.394291
1.145909
-2.710133
-1.201866
-1.766989
0.213028
-1.644370
1.065729
-0.287028
-1.076933
-2.016724
-2.072602
-1.221378
0.303952
1.517112
1.106811
0.160316
-2.565070
1.872755
-1.604980
-1.902008
0.950491
-2.096668
-0.703324
-2.770596
-2.408252
-2.492249
0.762415
1.904673
-0.159765
-2.170286
-2.990671
-1.215949
1.544626
-1.479558
1.069545
-1.150206
1.493077
-2.847522
-0.294244
-2.357638
-1.827661
0.500428
-1.298719
0.430773
-1.997086
-2.024788
-2.615456
0.025596
-1.813760
-0.868636
-1.158449
-2.058311
-1.041688
0.346139
0.559401
-0.146654
-1.819016
0.803744
1.518346
1.835927
-0.565563
-2.418571
-0.921579
-0.980789
-1.127120
-0.502888
0.964047
0.739585
-1.799085
0.781739
1.696219
1.352262
0.460919
-0.336645
0.004287
0.046730
-1.607496
0.822606
-1.458210
-0.141356
-2.774930
-0.246236
-0.486673
-1.513871
-0.624104
-1.318878
1.611947
-0.002180
1.368984
1.512569
-0.241926
1.944888
0.723215
-1.932200
-1.491452
1.168422
0.665042
0.353572
0.482890
-1.072226
-2.894830
-0.415011
-2.097822
-0.096598
-0.517348
-2.060332
-0.000148
0.514142
-0.821497
1.103932
1.793198
1.273450
0.869483
1.406730
0.915440
-1.200200
1.234234
1.769135
1.855406
1.800976
1.998822
-2.805293
-0.553608
-1.494267
-1.144094
-0.779487
-2.832534
1.599877
-2.869536
-0.295164
-2.822074
-2.604765
-0.279910
-1.440392
-0.664319
-2.211719
0.636249
1.435895
1.085447
1.105434
-2.963631
-1.744673
0.275691
1.542236
-1.637011
-0.240618
-1.060628
-2.973078
-0.517209
0.267543
-0.400443
-2.238825
0.073743
-2.608972
-0.986421
-0.775903
-2.609131
1.329682
0.970409
-2.342272
1.439941
-0.898317
-0.016039
-1.570297
1.024327
-1.132493
-0.805102
1.656894
0.411034
1.248756
0.843030
1.812528
1.161456
-1.415251
1.873531
1.432343
1.376236
-1.591690
1.466093
-1.383898
-1.178827
0.454330
-1.069596
1.301186
-2.975411
0.270959
-2.989367
0.702189
-0.302790
-0.994485
-1.303496
0.136529
-2.357651
-2.047582
-0.711418
1.191727
-2.637934
-2.756457
0.222076
0.430828
-1.072948
-0.042764
-0.739012
-2.566827
-2.658367
-1.167914
-1.130167
-1.712544
0.277913
-1.116708
-0.515289
-2.461441
-1.430947
-1.921445
-0.731788
-1.165243
-1.246291
1.583257
-2.201538
1.750617
0.616744
-1.381012
-2.673965
1.680882
-1.412653
0.531797
0.910520
1.103330
1.664976
1.248747
0.687951
0.391256
-1.158004
0.432385
0.090721
-2.243935
-0.812834
1.703945
1.207811
-2.323631
-0.272492
-1.781082
-1.647929
1.254815
-2.317709
-0.738372
-1.814413
-1.837370
-2.683910
-0.473421
1.211920
1.735233
-2.929830
1.353275
-2.508354
0.097999
0.077755
-0.160695
-2.805180
1.339199
0.919796
-2.996921
-1.245081
1.923834
1.879090
-0.129105
-1.863389
0.013677
-2.127882
-0.302469
-0.590807
-1.695362
-0.946788
0.332684
-0.572347
-1.436014
-2.088230
1.111504
-0.949529
-0.741386
-2.477279
-2.635936
0.825632
-0.598158
-0.248218
1.191621
0.568575
-0.955988
0.706442
1.166596
-0.013074
-1.729903
-1.483263
-1.205344
-0.222728
-0.391948
0.533756
-1.168367
1.259198
1.338443
-1.783576
1.442255
-2.023802
-1.037797
0.737685
1.267607
-2.332198
0.748492
-2.089015
-2.076515
-1.987885
-2.379684
-2.348330
-0.388518
-1.825269
0.695174
1.789005
0.800555
-2.063052
-0.719214
0.163279
-2.764004
-1.612221
1.405424
-1.036547
1.746282
-2.243858
0.480356
1.350369
-1.346776
-2.269083
1.521981
-2.059929
1.769231
-1.533693
1.223909
-1.757711
1.151361
-1.073132
1.875055
-2.950738
-0.054814
1.746679
-0.561352
-1.636926
1.176699
-0.224884
-1.627255
-1.271568
1.750402
-2.986594
-2.694051
-0.920356
-0.426357
-2.776431
-0.467180
1.098768
-0.000963
1.806765
-0.707473
-2.503546
0.899392
-0.913007
-1.913023
0.819331
-1.509948
0.299243
-2.617968
-2.191953
-2.158207
0.010007
1.194420
-2.384067
-1.011722
-1.015768
0.983140
1.630233
-2.666802
-2.947798
-0.635009
0.398354
-1.864218
1.087358
-1.783481
-1.968836
-2.222053
1.954714
0.887468
-1.327854
0.761810
1.746476
1.025804
-1.320202
-0.636151
1.212088
-0.436473
-2.803951
-2.995390
-0.523679
1.522256
-2.451489
0.822712
0.326202
0.474340
0.238530
1.983843
0.443457
1.180612
0.548393
-0.163432
1.192478
-0.021905
-0.157348
-1.554599
-0.143013
-0.613912
-0.023995
-0.288120
0.568118
1.354878
-0.566586
0.383726
-2.714934
-1.893807
-1.220259
-0.894213
-1.046786
-0.335308
-2.522255
1.463072
-2.146786
1.969675
-2.672145
-2.743019
1.075753
-1.817425
-2.460831
-1.189712
-2.491082
0.390597
-2.241864
-1.013939
1.721323
-1.733767
-1.429802
-2.674916
0.681436
0.887045
1.571634
-2.554172
0.039888
-1.599635
-2.060180
-2.452743
-0.251196
1.154825
-2.864628
-2.798697
0.299008
-1.578385
0.083424
0.102576
1.990499
-2.674564
1.604080
-2.234088
-0.322769
-1.773588
-0.689364
1.859415
-0.811637
1.816071
0.700403
-0.322708
-0.749977
-1.862053
-2.520495
1.039117
-2.556948
-1.627617
-2.357353
-2.033658
-1.685133
0.963365
-0.724168
1.910355
0.330001
-0.671017
0.213590
-2.196847
0.591309
1.121607
-1.156683
-2.373754
-2.680418
-1.783361
0.058272
-2.619546
1.289217
0.858137
0.714309
-1.619339
1.772522
-1.223880
-1.758126
-0.829173
-2.914821
-1.401944
0.530346
1.526958
1.574414
-0.830669
1.950481
-0.270077
-1.186096
-1.717720
-1.719225
-2.015929
1.283723
-1.462888
1.234704
-0.340750
1.018833
1.528520
-2.163930
-1.178732
-2.944708
1.300347
-2.074106
-1.504425
-1.862956
-2.698212
-0.851118
-1.736308
0.878293
-0.524703
-0.678500
-0.544581
0.223619
1.359511
-2.696208
-2.166385
-2.438450
-0.036953
1.936347
-2.824841
0.888171
0.487029
-1.504764
-2.569005
0.731208
-2.579424
0.625510
0.940841
0.711729
0.032711
-2.232356
-1.199949
0.462939
-1.390864
1.745068
-2.652994
-0.871296
-0.872532
-1.641798
-0.704772
-2.106574
-2.187417
-0.907535
0.056951
0.171448
-0.465265
-1.698735
-2.644803
1.799548
-1.994909
-0.436981
-1.348154
-0.429462
0.033974
-0.999768
-0.099917
-1.300186
0.777788
0.285641
-1.233649
-0.944514
-1.444580
-1.061102
-0.939265
1.772063
1.056267
0.683027
-2.362933
-0.818449
-2.677255
1.378544
-2.812030
1.206342
-2.012422
0.224854
-2.884292
1.698660
-2.625472
1.696671
-1.038120
0.310019
-1.503848
-2.179193
-2.704498
-1.495833
-2.461825
-2.899676
-1.849479
-1.198742
0.741218
0.648970
0.246981
-0.988178
-0.303816
1.758428
1.899706
1.353928
-1.533123
0.799824
0.645283
-1.734694
-1.997468
1.564554
-1.533102
1.150133
-1.723320
-0.840472
-2.817563
-1.773899
-0.919922
1.867154
-0.738593
-0.533347
-0.963540
-1.220911
-1.843109
0.876046
1.709074
-2.590562
-1.582887
-0.574479
-2.272294
-2.439426
-1.432374
-0.918346
-1.636281
-2.979945
-0.934790
1.990593
-1.100290
0.430164
-2.223529
-2.848732
-0.643782
-2.049034
-0.116034
-2.173839
-2.711895
-0.823578
1.120179
-0.146735
1.817318
1.659537
-0.152994
1.636941
0.070990
1.132803
-2.975508
-1.369057
-1.732873
-1.393077
-0.437935
-2.369084
0.799009
1.937201
1.540929
1.390575
-0.607763
-1.668611
-1.338701
-1.544735
0.636315
-2.454796
0.251538
0.603802
1.106068
-2.316442
0.550761
-0.353862
0.647958
-1.768054
-2.689557
-0.388614
1.559368
1.295701
-0.149496
0.413327
-0.220854
1.104728
0.154493
-0.441566
1.609614
0.791702
-0.865341
-0.792913
1.508705
-0.203257
1.868896
-1.466681
-2.501956
-2.383653
0.949755
0.531407
-0.638821
1.336078
-1.536797
-0.941151
0.080667
-1.224639
0.495810
1.071368
-0.520575
-1.300045
-1.856340
-1.498692
-0.522776
1.697116
1.427453
-0.793871
0.412993
-0.818352
-1.036730
-1.327994
-1.602418
1.153745
-1.007952
-2.645304
-1.627064
1.926286
-1.909362
-2.651946
1.749853
-2.227149
1.297177
-0.346245
-1.343868
1.610193
0.516318
0.755627
-2.177846
-0.063125
-2.936246
-1.488928
-1.414026
-2.542336
-1.031062
-1.065858
-0.879718
-2.422790
-1.827937
0.866279
-2.453834
1.407395
-2.913201
0.838595
-2.728865
-1.032557
-1.189912
-0.856460
-1.515994
-1.308435
-2.863917
-0.854601
-0.278684
-0.849997
-2.897493
-0.169556
-1.731674
-1.239197
0.808757
0.786233
-2.780022
-0.830558
-1.184378
-2.842096
0.896263
1.488469
-0.295041
-0.757439
-2.278563
-2.817888
-2.242340
0.996746
0.316430
1.241229
-0.657472
-2.126211
-2.235152
1.801921
-2.108640
-1.911178
1.837854
1.809622
-2.681115
1.502639
-2.153064
1.448538
-1.415988
-0.512951
1.836560
0.057011
1.190520
-2.929870
0.670268
-1.811125
-1.578468
-1.319257
0.242496
-1.373371
0.755542
1.395954
-0.194258
-1.894110
-1.302469
-2.587700
1.525140
1.028525
-0.583213
0.936246
-1.509217
-2.411518
-2.379203
0.731144
1.331694
-0.226955
-1.427636
-1.281125
1.126969
-1.023949
-1.517403
0.014881
-1.899808
-2.077545
0.702965
-2.271142
1.918863
-1.659536
1.177944
0.705528
0.798777
-1.956183
0.437461
0.410943
-0.288891
-2.386206
-1.965123
0.170037
0.805614
-2.037807
-1.423405
-0.174686
-2.956545
-2.647173
1.962937
-0.913447
0.692780
1.547849
-2.306252
1.827605
-0.448530
-0.452012
1.029285
-2.797195
0.536114
-1.538294
-1.104493
-0.215770
1.543440
-1.408351
-2.150360
1.903543
0.849902
-2.694015
-0.302738
-0.121805
0.817570
-1.092020
-0.574691
-0.836774
-0.667347
1.901658
-0.827680
-2.810724
-1.846562
-2.170022
1.449619
1.748154
-0.775827
-1.327211
1.561691
0.344158
-2.743913
1.049594
-1.478392
0.656874
-1.923997
1.379121
1.890398
-0.082319
-0.538444
-1.620100
-1.012400
-2.408457
-0.944304
-2.925179
-0.490841
-1.559954
-0.143363
-1.508577
-1.655269
-2.104691
-0.538244
1.727004
-1.246545
-2.680314
-0.042385
0.639245
1.784376
-1.988937
-0.069900
-1.814693
-1.544462
0.228789
-1.738402
0.676576
-0.792036
1.257145
1.839299
1.096333
-0.932327
-1.617579
1.349819
-0.587996
0.541433
-2.130360
-1.962702
0.870640
0.838275
1.881975
-1.638095
1.541277
-2.750801
0.291996
0.585452
-2.316196
-0.309989
-1.990780
-1.031213
1.406968
-0.089199
-1.159353
-2.248785
-2.338518
-0.469895
0.465596
-1.724601
-2.367331
0.261571
-0.770889
1.666465
1.278454
-0.023344
0.662301
-0.704846
1.653534
-1.061503
-2.680704
-1.590199
1.521862
0.925642
0.257941
-1.787573
-0.733546
-0.716949
-1.753608
0.113101
-1.114420
-2.052636
-0.659300
-2.853046
1.858642
1.192638
-2.338830
-0.715128
-1.160017
1.588464
0.314253
-0.340942
-2.217566
-2.635322
1.145209
0.525465
-0.516558
1.202820
-1.199026
0.963532
-2.909179
-1.578006
1.452288
1.608433
0.933542
-1.956709
1.598868
0.182970
-1.825432
-2.032942
0.346814
1.897345
1.673962
-2.722831
0.370109
-1.576324
-0.275227
-2.735722
-1.286215
0.592110
-0.402833
-2.419991
0.204081
-2.003520
-0.162476
-2.730320
-0.493679
0.741691
-1.400847
-1.037067
-1.989786
0.673194
-2.626464
0.020362
0.215971
-2.176434
-1.325199
0.382837
-2.654338
1.541606
-2.217558
-2.491786
-1.451756
-1.672926
1.126861
-2.846045
-0.487549
-1.238206
-2.530272
1.718077
-1.280000
0.036534
-2.970194
-2.052261
0.651376
0.669357
-2.123886
1.846762
1.531549
-1.259620
-2.439402
-1.030060
0.781654
0.255306
-1.069913
0.965050
-2.412434
-2.771793
-2.529065
-2.991787
0.039584
-1.719489
-1.450428
0.657584
0.005503
0.483454
-1.585140
1.554268
0.578527
1.298845
-2.315243
0.713523
0.188220
1.415316
0.220815
-0.766502
0.404755
0.722337
-1.688820
-0.990996
-2.666577
0.841300
-2.272569
-2.062932
1.303902
-2.318486
1.211784
-0.553119
1.736295
-0.086882
-2.220427
-0.714547
-1.398735
-0.536030
-1.059745
1.863096
1.063951
-0.169358
1.601890
0.966284
-1.660307
-1.776575
-0.902919
-2.354733
1.999452
-2.204593
0.407365
-0.419434
-1.420155
-0.547920
-0.899040
-2.173130
-0.793509
1.497096
-0.314916
0.206664
1.404811
-1.343563
1.740808
0.771024
1.602619
-1.790613
-1.836803
1.853148
-1.155546
1.745440
-1.387007
1.570336
0.638551
0.120073
1.064681
-2.908020
-2.091560
0.156407
1.741874
-1.328739
0.885526
1.034152
-1.014572
1.095539
0.726648
0.780308
-2.372528
-2.069127
-2.810640
-0.433355
-0.391616
1.102648
0.202475
1.004232
1.133064
1.408041
-2.053917
-2.191911
-1.454186
-2.508260
1.671178
0.488550
-0.934881
0.457838
-2.118409
-1.094161
-1.558615
-2.648343
-2.705629
-0.501897
-2.376508
1.021560
-2.642101
-2.787944
1.020792
-0.554945
1.042332
1.465622
0.712643
0.385817
-2.580288
1.094681
1.306485
1.090276
-2.734725
0.476303
-1.773245
0.076244
-0.567438
1.073171
-0.218243
-0.003468
-0.279732
1.548342
0.986217
-1.651279
-0.051372
-0.411482
-2.780478
1.503475
1.894447
-2.033212
0.798793
-1.684412
-1.912845
-1.194244
1.336940
-2.043887
1.392622
-1.205665
-0.617092
1.529886
0.787406
1.934954
-1.223025
-2.375529
-2.520525
0.541830
-0.468007
-2.789789
0.013265
0.936077
0.648167
1.748451
-0.788278
-0.583272
-0.056607
1.606979
1.497308
-1.734939
-1.120595
-0.830684
1.693032
-2.205618
-1.823170
0.986191
-2.097500
0.321637
-1.248927
-2.717750
0.779433
-2.063562
0.717994
0.326961
-1.768991
1.571692
-1.565192
1.812487
0.466904
0.263740
0.679213
-1.473615
0.947752
1.875319
1.491627
-2.233197
-0.338363
1.133280
0.038537
0.695246
-1.995052
-2.830990
-2.442169
-2.541468
-1.454880
0.829980
-2.525423
-1.777840
-2.150455
0.308060
0.556411
-0.394997
-0.718632
-0.050824
-1.202154
-1.607481
1.064128
-2.202068
-2.161113
1.168141
0.950711
1.593817
0.282986
-0.858942
1.768206
1.234716
-0.128068
0.558226
0.103151
1.653405
1.770945
-2.728819
-0.262208
1.074574
-1.624596
-1.583509
-1.029256
-0.711207
-0.253027
0.375397
-2.704770
-1.075746
-2.060069
-0.578171
0.679820
-1.258403
-1.985029
0.610008
0.403317
1.548091
1.760408
0.177702
-0.367065
-1.256963
-2.786483
0.585613
0.389145
-1.642762
-1.899056
0.559889
-1.942076
-2.467260
0.753134
0.917894
0.050088
-0.176556
0.628722
-0.067268
-2.576141
0.803017
-0.687503
-1.867705
-2.513952
1.008684
0.950298
-0.348603
-0.969676
0.661978
-1.124568
-2.607067
1.030904
-0.603810
-0.238271
-1.619875
-2.235864
-0.164167
-1.152133
-0.890521
1.011900
0.005817
0.765745
-2.128099
1.032403
-0.394684
-0.445772
0.903182
-2.228432
-0.254100
-2.665010
-2.829463
-1.791831
-2.306163
-1.681785
-2.761401
-2.862347
0.533412
-1.949158
-1.497258
-1.420690
0.469482
-1.422315
-1.847599
0.397328
0.891864
-2.436636
0.454073
-0.391004
1.396084
1.989886
-2.985884
-0.747177
0.197866
-1.458079
-2.936551
-1.606943
0.107106
-1.864758
-2.991583
-1.536928
1.855179
-2.014340
-2.015209
-1.621836
-0.199670
-2.858669
-2.652632
0.205332
-0.987684
-2.001486
-0.982843
-0.640430
-0.706376
0.943832
0.989069
1.279832
-1.860069
0.819290
-2.191038
-1.776770
0.828868
-1.219684
-1.227043
0.086817
-2.863306
-0.586052
-1.781440
-2.665038
1.714846
-0.579546
-2.426048
-1.585716
1.866201
-1.760971
1.360632
1.152702
1.469512
1.085444
1.061020
0.559421
0.195123
-2.563807
-1.911836
0.769607
-2.218815
1.382104
-2.980181
0.100606
-1.106747
1.911646
-2.967164
-1.122985
-1.003751
-2.035018
0.451342
-1.296338
0.445864
1.640711
-1.575177
-0.995201
1.659235
-0.243147
1.432600
0.703514
1.966752
-1.795213
0.860543
1.154411
0.178043
0.369155
-2.608211
1.800340
1.320054
-0.855702
1.208469
-1.253271
-0.728853
-1.830864
1.670426
-2.151701
-0.643444
-1.363960
-1.066726
-0.467797
0.743934
1.297678
-1.926872
-1.937517
-0.852349
-2.431263
0.766618
-2.453970
-0.876339
-0.639781
0.205579
-1.837360
-2.512434
1.519517
1.524529
0.759624
0.000342
-1.250953
-1.760813
-0.976054
-1.537992
-1.039345
-0.274662
1.751911
-2.629471
-0.521979
0.099343
-2.344930
1.762095
-1.461845
-1.226481
-0.472899
-0.010181
1.887659
-1.112562
-0.831762
-1.430217
0.342201
-0.621591
0.928450
-2.542322
-0.802572
-0.820133
-0.982337
-2.132188
-2.688441
-1.620276
1.013736
0.862804
-0.854632
-0.802308
-1.385713
-1.671575
-1.156633
-1.523693
-0.703559
-1.711290
1.342351
-1.106055
-1.458761
0.609128
0.605531
0.159781
-1.558586
-2.145734
-0.348874
-0.528105
-2.865036
0.333547
-1.083155
-1.582691
-2.287091
-1.139762
-2.979891
-0.030962
-2.367943
-0.019656
-2.359350
-0.599116
-1.347099
-2.696279
1.642794
-1.570605
0.835249
1.025524
-1.023850
0.153175
-2.586551
0.834241
-0.913635
-2.466373
0.661976
-1.172582
0.408603
0.392252
0.577631
1.234728
0.065517
-0.854584
0.000795
1.364418
-0.231438
-1.773345
-1.613626
-2.206654
0.772002
-1.954728
-0.105370
-2.947244
-1.325191
0.516551
-0.331228
1.058537
-1.180054
-0.163535
-0.534058
-2.915658
-0.469451
-2.066952
-1.259422
0.894788
1.698445
-1.238985
-0.615492
-1.571431
1.957609
-0.465034
-2.825113
1.325750
-0.124258
-0.405364
0.043339
1.406323
-0.931890
0.731265
-1.640181
1.475465
1.135557
-1.685939
-2.571127
0.059596
-0.375557
1.017610
0.970800
-0.760491
1.431325
-0.712484
-1.721345
-2.642814
0.226049
-2.786372
-2.549833
-2.048208
-1.230802
1.908373
-2.973470
-2.105525
0.442106
-1.516720
1.493621
1.285616
0.358386
1.385204
-0.883210
-1.116529
-2.497050
0.086557
-2.238442
1.501931
0.953320
0.444964
1.509952
0.761317
-1.542627
1.065937
-1.807072
1.542876
-0.888236
-0.584693
1.066902
-0.588644
-0.329511
-0.091158
0.910689
-1.042354
-0.845999
-0.712222
-2.315686
-1.733423
-0.647954
-2.160859
0.447287
0.551756
1.359780
1.829116
-0.044214
-0.107078
-1.650923
0.944527
-2.338919
-2.209065
0.249293
-2.133463
0.883821
-2.615056
1.758152
-2.746888
1.053730
-1.968964
0.630000
1.408759
0.006792
-2.856560
-2.206497
-1.602211
-0.369117
-0.741747
1.465267
-0.253203
-2.581640
-1.627264
-1.434631
1.160586
-1.023482
1.330450
-1.125748
-2.441004
-2.951009
0.386444
-2.041847
0.672550
1.540980
-2.747585
-0.666533
0.589469
0.213827
1.783449
-2.578087
-1.901658
1.834160
-0.275987
-0.512231
-1.067669
-1.318347
0.550052
-2.271231
0.427197
-2.104267
1.581560
-0.716367
-1.972838
0.517699
-1.031166
-2.809769
-0.787361
-0.178708
-0.543583
-2.993398
-2.034528
-1.309213
-0.943737
1.616965
-0.673403
0.117026
-0.143018
-0.709707
-0.046522
1.102736
1.690503
0.283892
-0.627027
-0.442376
-2.019068
-1.481815
-1.861305
0.040358
1.296820
-1.351145
-0.684888
-2.907341
-0.677152
-2.898786
-1.897944
-0.750585
-2.073234
-1.845752
1.441170
-0.263821
-1.033777
-1.692143
-1.850102
-1.664202
-2.246776
1.434104
0.997322
-0.001882
1.377430
-1.537597
0.605986
-2.196439
-2.547040
-0.095706
-0.524529
-2.750342
-1.996525
-2.601135
0.719869
1.837997
-0.776412
-1.165740
0.408216
-1.106374
-1.824754
-0.644557
-0.071526
0.869830
-2.759572
-2.132656
-0.549089
-0.543932
1.140230
1.843303
-1.612544
0.970128
-2.057346
0.184097
-2.880727
1.625482
-2.520148
1.872932
1.368023
0.357574
-2.255767
0.328946
1.587152
-1.744486
-1.569891
-2.152253
0.088100
-1.304946
0.774411
-1.473028
0.815356
1.691677
0.015930
0.732884
0.586075
-1.840210
-0.403670
-1.486755
0.102873
1.992606
-2.270339
0.411681
-2.882021
-0.134485
-2.294034
-2.828580
-1.939769
1.296707
1.760118
0.300700
1.860254
-1.713489
-0.616191
1.681619
0.972184
-2.495356
-1.447373
-2.995408
-0.820181
-1.786848
1.440879
-0.137536
1.439412
0.205566
-2.046755
-1.805956
0.299122
0.340249
1.572187
1.747312
0.070340
0.213687
-0.551392
0.753577
-1.637428
-2.259697
-0.725924
-2.606288
-0.888025
-2.029330
1.053299
0.797123
0.252419
0.409454
-0.310145
0.385900
-1.182420
0.059021
-0.026918
0.590338
-0.178451
-1.223427
0.865657
-2.896676
-1.436391
1.571315
-2.912182
-2.045253
-1.559263
1.473003
-0.231148
-1.899748
-1.059882
-0.438443
-0.911097
0.195518
-0.935655
-2.559058
-2.083026
-1.422089
1.955468
-1.445280
-2.813921
-0.578031
-1.962251
-1.553591
1.786441
-2.278246
-2.483396
-0.428252
0.362381
-1.460400
-1.945914
-1.981274
-1.280576
0.350189
-1.371378
-0.757302
0.022350
-1.365863
1.944359
1.842281
1.220393
-0.852786
0.224473
0.706224
-2.488318
1.839863
0.584632
-1.094872
1.494784
0.837257
-0.227720
0.710978
-2.589892
-0.323206
0.868256
0.770669
0.625620
-2.199418
-2.621363
0.747397
-0.494757
-2.385159
0.639590
-2.413936
1.973413
0.155443
0.528102
-1.191368
-0.326386
-2.564402
-1.908810
1.633611
-0.899094
1.929342
-0.547053
-1.321254
1.687955
-2.540122
1.165323
-1.420150
-0.464922
-0.940797
1.021312
-1.808860
1.493649
1.747255
-0.885181
0.765133
-2.405179
-0.841030
-2.189444
0.013244
0.596882
-0.199571
-1.186213
1.315005
-0.715342
0.252258
-2.306688
-0.499521
-2.441168
-0.710705
-1.810722
0.187467
-1.243719
-0.178440
-1.041072
0.696121
-2.292669
0.111682
0.047946
-1.163141
-0.905695
0.988640
-0.920741
-1.886672
-1.301342
1.341587
1.054121
-0.380922
0.851614
1.078849
0.221591
-2.715287
-2.837426
-0.620398
0.977925
-1.009723
-2.422252
-2.791924
-0.865043
-0.773041
0.503709
-1.171574
-2.643238
-1.896768
-0.985050
-2.731590
-1.826522
-0.357407
1.058100
1.486091
-0.278670
-0.613328
-0.194780
-0.664613
-2.151684
-0.357938
-2.865448
-1.584573
1.089016
1.092755
-1.071205
-0.739272
-1.952646
-0.119464
0.165581
0.922405
0.855283
-2.260513
0.550811
0.486025
1.625693
1.017097
-2.650650
-1.472531
-0.835551
-0.111310
-2.782406
-0.892881
1.347274
1.630173
1.322461
-0.395447
1.715656
-1.972933
-1.089094
-1.396761
-2.360442
1.047304
0.043615
1.040668
-1.488330
-1.355224
0.742187
1.931262
1.722946
0.548330
-1.223357
-2.970170
-1.650690
-0.144715
0.778438
1.214383
-1.866286
1.327399
-2.400362
0.109221
-1.331476
-0.125855
-2.253098
0.184137
-2.203042
1.482557
0.344701
1.387855
-1.316890
0.033518
1.337551
-1.775221
1.862933
-1.686626
0.874999
-0.888595
-1.622580
-2.705895
0.017390
0.266713
0.640523
-1.722379
-0.022871
-1.397769
0.696603
0.808954
-0.916165
0.009323
-0.306077
-1.244543
0.969552
-1.745374
-1.497712
0.959088
-2.613322
0.899677
-1.135048
1.248949
-0.909496
-2.897660
-2.966153
0.870489
-1.688977
1.357117
-2.930711
1.533927
-1.283270
0.086343
-0.826793
-2.916244
-0.308880
1.652728
0.395435
-0.930818
-1.263938
-0.012424
-0.812666
-0.476449
0.326745
-0.394204
-2.389464
-1.728460
-2.221871
0.018699
-2.726163
-0.622241
-0.004792
-2.543913
-2.547545
1.411823
1.506179
-2.641509
-2.841177
1.341877
0.917192
-1.745503
1.330667
-2.488677
0.799902
1.954321
-0.724249
0.548723
0.385620
-0.884973
-0.736362
1.959188
1.072071
1.299278
-0.040124
-1.362441
-0.550454
1.525198
1.997860
1.029537
1.433427
-0.397128
-1.525328
1.810819
-2.557915
-2.878799
-0.970610
-0.039009
-2.631318
-1.558268
-1.811007
0.411347
1.505689
-0.882363
-1.870580
-0.838182
0.674283
0.664191
1.065830
1.412233
-1.592372
0.010831
0.044041
-1.798791
0.722487
0.844185
1.214137
-1.004048
-2.043503
-2.156180
-0.922277
-2.706060
-2.752871
0.493533
-2.197347
-2.816325
-0.978062
-0.286158
-1.450975
1.459447
1.931542
1.438411
-1.618936
-1.460682
-1.679185
0.937523
-0.045360
0.630154
-1.005057
1.011194
-1.855867
1.436346
-1.332445
-1.400790
-0.083541
-1.083367
-0.152376
-2.987641
-0.283268
-2.891563
-0.495618
-1.842419
-2.539558
0.654639
0.517218
0.876133
-1.828843
0.641329
1.825379
-2.850084
1.639163
-2.579032
-2.792396
1.193736
1.121775
1.673410
-1.994183
1.760141
0.690844
-0.981007
0.211822
-1.907114
0.128404
1.087623
-2.321238
-0.041237
-0.069577
-1.379319
0.791715
-0.652973
-1.515032
-0.140878
0.268073
-1.492117
-0.009160
-0.946295
-1.389560
-1.342273
-1.576862
0.690052
0.699334
1.707870
-2.826931
0.762134
-2.809893
-2.865654
-0.038349
-1.536891
-2.535930
1.625577
-0.921142
1.358428
-0.908600
-2.833973
-2.581491
0.880304
-1.727310
-2.894182
0.478786
-0.046683
-1.602448
0.654032
0.304275
1.954874
-1.437988
-0.261822
-2.453409
-1.450691
1.237680
-0.302662
1.155771
-1.953893
-1.079225
-0.527156
-1.912939
-2.769771
1.464809
-2.951298
0.534564
-2.578229
0.709108
0.978195
-1.468747
-2.224505
0.750093
-0.178749
-1.230386
-1.091996
-0.179577
-0.151540
1.067344
1.853569
0.926301
1.343797
-1.799113
0.315210
0.728668
-0.280994
0.326555
1.408333
-2.152810
0.717158
1.266732
-2.036146
1.498263
-0.700196
-0.184869
0.909482
-1.330182
1.638064
-1.052629
1.466337
-2.276933
-0.409121
1.903205
0.173632
1.236690
-1.952793
-2.596236
-1.940544
-1.715884
-0.858716
0.555699
-2.368090
-2.488445
-0.296931
-2.519976
-0.237964
-1.457484
-2.937738
-1.559567
1.354636
0.370785
-0.224410
1.340342
0.115962
1.970636
-1.513041
-1.671840
-0.615511
-1.890043
-2.945746
-1.157700
0.528017
-2.628485
1.047266
-0.591690
-1.539284
-2.750359
-2.279683
-1.638310
-2.080688
-2.123775
-1.295062
1.890899
-1.665998
-2.431830
1.231282
-2.833532
-0.176689
-1.614511
-2.085795
-2.951615
0.208955
-0.096927
-1.044486
-1.677074
1.409212
-2.382025
-1.699902
-2.252636
-2.055665
-1.566897
-1.838247
-2.410241
-0.921725
1.569518
1.887503
1.253239
1.179504
1.930439
-2.119201
0.581641
-1.354484
-1.819247
1.911025
1.595590
0.082747
-1.261430
-2.850951
-2.936471
-0.267225
1.745681
-2.345705
-1.262000
-2.441227
-1.711306
1.083063
1.047024
0.336915
0.530257
0.026955
1.041938
-0.146721
-2.933804
-0.438799
-1.903748
1.711136
-2.930860
-0.965071
-1.956713
1.528940
-0.107167
1.841014
-0.071871
0.071548
0.497015
1.330316
1.620923
0.856723
1.942651
-1.866289
1.278993
-0.961582
1.690303
1.917458
-0.291219
-1.515665
-0.786814
-0.981315
0.034287
-0.730860
-0.572494
1.092849
0.512852
-2.490952
-2.435434
0.667237
-2.745567
-1.738282
-2.314395
-0.041819
0.143353
-2.671836
-2.553823
0.890803
-0.264597
0.922639
-0.200618
1.207821
-2.147069
-2.779992
-0.325014
0.499047
0.483691
-2.598466
0.588170
-1.626400
-1.910455
-1.012177
1.333447
-0.754726
-1.686558
-2.983016
-2.552238
-2.471992
1.228105
-1.251163
-0.303614
0.155699
-0.177217
-0.487813
-0.683858
-0.597760
1.448884
-0.607687
-0.401169
0.548400
-0.040832
1.731929
1.535467
-0.403032
-0.755825
-0.147359
1.340001
-0.608206
0.890078
-2.467667
-1.085078
1.090882
-2.544127
-1.142823
0.582705
1.533269
-2.339112
-0.454699
0.870861
-0.438604
1.380862
1.147753
-1.711215
-2.384455
-2.538679
0.415054
-1.187411
1.179713
0.440213
1.659580
0.566406
-2.409573
0.312206
0.252930
-1.011045
0.359351
-2.391750
-0.148302
0.487690
-0.398089
-2.690029
1.690122
-1.124457
-0.741025
-1.414269
-1.626839
0.712684
1.072541
-0.797068
1.683677
0.562310
-1.248477
-0.160921
-1.593847
0.211337
-0.060626
-0.939283
1.462960
0.971324
-1.949173
-1.749893
-2.460491
-0.470319
-1.648573
0.425977
-2.605207
-2.708347
-1.189697
-2.233907
-2.277685
1.949023
0.229396
-1.547256
-1.734905
-0.543713
-0.180320
-2.638669
-0.104394
-1.550100
0.467815
0.561162
-0.560083
-0.310853
-1.504390
-1.282435
-0.882776
1.173656
-1.362772
-1.111872
0.772943
-1.144092
-0.754208
-2.965478
-2.794932
-1.429610
0.543013
-0.583903
-0.650654
-2.546874
-2.313001
-1.606265
1.499991
-1.648869
0.453963
-2.246636
-1.213484
-2.032006
1.067837
0.140833
-0.025212
-0.736584
-1.760920
-2.784767
-0.578521
-0.207331
-1.613400
1.579509
-0.192228
-2.768009
1.068951
-1.140801
-0.439621
-0.709463
-0.947148
-0.719212
0.202215
1.636492
-2.475743
-1.810170
-0.519541
1.068233
1.803108
-2.167677
0.849988
-1.249619
0.653753
0.618432
1.992668
-1.234519
-0.562058
1.482371
-2.789525
-0.550162
1.419731
-0.584813
-0.958015
1.639431
1.905478
-1.639790
-1.956646
-2.352633
-2.699553
1.619583
-1.674768
0.173610
0.859537
-0.758804
-0.216713
0.709599
-0.769055
-2.501905
-1.524356
-1.858796
-2.782242
1.852414
1.514910
-0.912934
-0.677513
1.032256
-2.875760
0.102319
-2.318034
-1.200004
-0.459868
-1.011464
-1.678473
-2.090049
0.543741
1.649808
1.327504
-0.643538
-2.945786
-1.826777
0.362508
0.672520
1.047488
-1.862817
-0.360123
0.405401
1.575672
0.311955
1.023638
-2.716380
-1.200710
-2.336540
-2.235727
-2.867010
-2.838246
0.605623
1.705371
0.181506
-1.428680
1.172429
-1.990225
-1.710124
0.939580
-0.484544
-0.731984
0.539464
-0.231989
-1.037653
-1.839584
0.105304
-2.148659
0.483331
1.336998
-1.070795
1.143510
1.982070
0.647060
-1.855651
0.077838
1.227311
0.421547
-2.056910
-2.479308
-1.727366
1.166615
0.286520
-1.463373
-1.911530
0.921706
-0.892880
1.365705
1.401664
0.772995
-0.274387
1.382500
-1.324049
-0.299022
-2.670353
-2.617406
-2.750926
-1.808992
-0.733776
0.435061
0.062096
1.644337
-0.624783
-2.720255
-1.322442
1.720500
-0.556701
1.528780
-2.794977
-2.181568
-2.607672
0.856741
-2.755330
-0.823045
0.088377
-1.652991
1.177994
1.552458
0.160521
0.873759
-1.738513
-1.182461
-0.620542
-1.453063
1.380212
0.230594
-1.402651
-1.360492
-2.780702
-2.259757
-1.735604
-2.296337
-1.530641
-2.482849
-1.248000
-2.127505
1.026482
0.072331
-1.339462
0.655394
-1.785437
0.152861
-2.866220
0.442359
-2.263988
-2.845369
0.883617
-1.039679
-0.889495
-1.745748
-2.777747
-2.592874
-0.435957
0.860819
0.778308
-0.981344
-0.450439
-2.523769
1.011876
-0.403072
-1.425997
1.271842
-1.143739
0.180998
0.031538
-1.942793
0.484435
-0.094823
-0.695359
1.104498
1.299810
-1.090671
-2.901700
-0.864524
-2.048948
1.333840
0.859104
1.952068
1.406611
-1.085254
-1.862672
-2.932305
-0.257339
-2.097330
-1.830621
0.748355
0.612811
-2.490314
-1.712721
-2.697673
-1.783760
-1.658787
-1.241598
0.465389
-0.204087
-2.094873
-0.530597
0.260210
1.344220
0.308600
-0.354043
-2.407848
-0.697435
1.212392
-0.332624
-2.408480
-1.318601
1.280103
-2.315375
-1.502513
0.263507
1.768337
-1.564039
1.190225
-2.888854
0.039255
-2.233401
1.231692
-0.960063
-2.771941
-0.018320
0.099316
-2.789194
0.019552
1.602041
-1.501220
1.994870
0.771607
1.400020
-1.868215
-1.092240
0.727545
0.846773
-0.291951
1.180578
-0.028176
-0.552285
0.748392
1.222876
0.880271
-2.277856
-0.919889
-2.577604
1.209786
0.886236
-2.029931
0.950747
-2.783634
-1.543656
-1.233588
0.092950
0.204616
1.980408
-2.277777
0.397054
1.286007
1.917353
-2.056065
1.713109
0.213031
-1.586064
1.022251
-1.027377
0.866550
-2.900805
-0.826664
-0.738987
-2.153908
-2.724664
-0.431115
-2.749207
-2.913098
-2.435416
0.957243
1.387173
-2.783069
-2.033757
1.648163
-1.323998
0.566417
-2.221740
-2.780878
-0.219337
1.592121
1.773049
-2.371279
-1.077513
-1.759105
-2.284349
-0.060526
0.739981
-0.131527
-2.572719
-1.683617
1.452402
-1.482677
-1.342241
-1.040599
-1.340705
-0.223989
-1.585091
-2.615824
-1.154419
0.687210
-2.055254
0.351379
-1.379662
0.026420
-2.964608
1.824373
0.239441
-2.717366
-2.776726
-0.425694
-1.639977
-0.086920
-2.864068
1.617756
-2.380432
0.077121
-0.837350
-0.340387
-2.885286
-0.003673
1.265474
1.822522
-0.871160
1.420986
0.507017
-0.565103
0.314586
0.251507
0.082018
1.481732
1.476727
-2.653534
0.054420
-2.360994
1.767383
-2.600231
0.920009
0.583995
-1.787805
0.360978
-0.046299
-0.143463
1.817519
0.042603
-0.971002
-1.628460
-1.529734
-2.237317
0.417170
-0.628029
-2.276036
-0.332208
-0.413271
-2.843558
1.317080
-0.827461
0.854286
0.984247
0.246309
-2.280102
1.317761
0.621538
-0.803884
-2.880047
-1.941953
-0.407673
1.237462
1.014483
-1.581195
-2.150358
1.928196
0.193935
-2.537250
-0.554823
-1.905007
0.539008
-2.901479
-2.150833
-1.053096
-1.384725
-0.066798
0.333893
-0.269884
-2.944414
1.234129
0.005228
0.868714
-1.526541
1.432089
-2.885261
0.424977
0.590131
1.326019
-0.603434
1.082579
-2.098348
1.068527
1.735129
0.315655
-1.788071
0.890517
-0.088575
-0.681527
-1.431086
0.732757
-1.553028
1.251535
-2.450333
0.259187
-0.838456
1.067799
-0.504843
-1.892734
1.824335
-0.396804
-1.081854
0.288607
-1.388169
-2.952542
-0.373972
-2.356143
-1.689402
-0.781744
-0.781855
-2.638740
-1.294354
-1.213098
-0.543398
0.101853
-0.154695
-1.960338
0.596938
0.731689
0.495198
0.792293
-0.936144
-0.774163
1.646894
-2.660637
0.671492
-1.231374
-2.703034
-1.900333
-0.889606
1.388094
-2.305641
-2.903925
1.733336
0.176894
1.055124
1.465142
-2.347852
-2.355259
-1.835697
0.444061
1.337165
1.739889
0.309366
-2.478570
0.668938
0.842321
-0.109576
1.360332
1.107316
-1.338681
-1.219589
0.373723
-0.831685
-0.128731
-0.581319
-2.234536
-2.847862
-1.014576
1.015319
-2.535680
0.825755
1.463620
-2.933310
-2.142300
-2.640671
1.245036
-1.685512
-0.399708
0.107938
-2.884750
-0.986757
-1.418050
-0.173671
-0.881168
-1.789447
-2.235231
0.478130
-1.067815
1.226600
-1.538710
1.895250
1.467314
-0.858971
1.274401
1.857973
-0.045872
-2.971848
0.154306
1.423543
-1.509115
-0.698130
-0.468934
1.626305
1.311825
0.840496
-0.787769
-2.038521
1.585110
-1.058302
1.124841
-1.792805
1.329447
-2.989147
-0.597738
1.817310
1.533689
-0.280627
1.503360
-0.023131
-0.764374
1.160776
-2.846485
-2.877520
0.520718
-0.299702
0.917510
-1.416254
0.014436
0.621392
1.727483
1.813128
1.249293
-0.125535
-1.868399
0.813136
-0.629265
1.946323
-0.140615
-0.312767
1.319958
-2.463982
0.850695
0.631044
-1.037713
-2.834316
1.652431
0.414890
1.051563
1.621123
-0.783378
1.772790
-1.723444
-2.926121
-1.322725
1.963789
-1.593578
-0.273944
-1.172158
-2.453122
-1.621938
-1.920102
1.847053
1.407416
-2.559918
-1.545648
0.295379
-2.565602
-2.076816
-2.038789
-2.922018
-2.355115
0.575842
1.182722
1.005093
0.605038
1.878230
0.415513
1.526532
-0.572470
1.491955
-1.717641
-0.397547
1.428044
-0.867491
-1.921860
-2.698079
1.391841
0.678396
-0.192419
-0.983395
0.084070
0.968629
-2.259820
-2.801281
1.860741
1.470663
0.421937
-0.498882
-1.705111
0.196315
-2.541842
-2.734563
-1.802781
-1.345819
-1.177442
-1.262573
-2.069070
-1.867524
0.527806
-1.172265
0.736795
1.318419
1.680981
0.244541
-1.999253
1.559468
-2.024486
-2.536338
-0.238344
-2.849789
1.600729
1.459450
1.979636
-0.261880
1.575768
1.944379
-2.824511
1.441723
-0.956194
-2.746161
-1.728643
-0.300960
-0.235601
-1.750048
-0.050393
1.044829
-1.561794
-1.075679
-0.939411
-0.682287
0.805906
-2.146013
-0.044304
-1.624102
1.721913
-1.813101
0.212760
-1.146528
-1.704589
-1.026647
-1.858573
0.966119
0.560667
1.127922
-0.018750
-2.136827
-0.655044
-1.327270
0.569816
-0.097423
0.615578
-0.974875
-1.734226
0.864394
0.876567
0.459229
1.260404
1.613513
1.325766
0.145987
1.594460
1.095115
-1.404622
0.520818
1.391968
-2.189583
-2.325862
-2.759549
-1.740242
-0.244392
0.506923
-2.142156
-0.207414
-2.998942
-0.212815
1.219558
0.105886
-2.378924
0.419647
1.016747
1.475386
-0.186356
0.923955
1.911927
1.759063
-2.425792
-2.283757
-0.100101
0.594507
-0.128103
-0.016073
-2.139743
0.334862
1.024264
-2.188700
-2.487300
-1.059363
-1.717520
1.646231
1.206039
-2.093653
-0.026409
-0.861701
0.393759
0.909475
-1.460256
0.480026
0.786916
-1.298856
-1.868419
0.489202
0.021684
-2.557962
1.330425
-1.548724
-1.400764
0.359353
-2.359936
-0.447193
-2.976676
-0.985303
-1.991208
1.759214
0.111908
-1.155951
-0.074380
-2.100217
-0.351371
-2.499906
-2.922936
-2.780694
-2.116143
1.982809
-1.938674
-0.300720
-1.204043
1.653069
1.141202
-1.805964
0.161378
0.275178
-2.081484
-0.495010
-1.633038
1.532008
1.463363
-2.265440
-2.254171
-2.854666
-0.362488
0.665563
-0.878116
-0.498475
0.128522
-1.926279
-1.976741
-0.078624
1.574401
-1.037481
1.064429
-2.140716
-1.015832
-0.091969
-2.715724
-0.169912
-2.716420
-1.870413
1.974928
0.616853
0.441201
-1.730751
-0.731951
1.097562
-0.272316
1.177873
-0.498677
1.737004
1.830918
0.234913
1.179958
-0.444095
-0.906080
-0.484784
0.228553
-0.716820
0.415040
-1.423494
-1.657666
-2.394331
1.478351
-0.357310
-2.313428
1.211359
-2.701255
-1.987127
0.348145
-0.731918
1.656835
-0.581976
1.734196
-0.360250
-1.716210
-1.345627
-2.956812
-2.147375
-2.922934
-2.751736
-0.426327
-2.277499
0.066814
0.938058
-1.055053
0.718150
-2.059345
1.590737
-1.474907
-0.767135
-0.240907
-0.923229
1.283771
-0.659942
1.354078
0.987281
1.229118
0.783242
1.953791
0.363669
0.180920
-1.284897
-2.256447
-1.108784
-2.340263
0.191472
1.074562
-1.839860
0.469628
1.046357
-0.883085
0.984108
-2.097023
-1.666939
1.750216
-1.107711
0.693726
-2.544821
-2.805717
-2.686874
-0.295892
-0.058955
-2.855727
1.796599
-1.560910
-1.214539
0.247293
-0.738210
0.902159
0.586583
1.701451
-0.719380
-2.616138
-1.436396
1.491682
-1.309177
-0.329406
1.675645
0.566363
1.859131
-0.578718
1.491624
-2.279372
-1.411313
-1.938121
-0.997241
-2.631454
1.145749
-0.394225
-2.743999
-0.390263
-1.142966
-1.832277
-2.082018
0.526618
-1.125907
-0.115587
0.325271
-0.176363
-1.137931
-2.203164
-0.571356
0.225270
-0.894875
-2.164261
-1.736432
-1.216513
-2.929077
-0.999038
-2.838892
-0.255147
-0.256301
0.341816
-2.096502
-2.914437
0.062520
-1.229715
0.189011
-0.296370
1.915925
-1.046000
-2.122753
0.887066
1.924055
0.592429
-0.052454
1.415806
-1.551480
-2.720583
-1.832128
0.433025
0.852527
1.422407
-0.602443
-2.259151
-1.547041
1.884713
-0.632074
-0.274858
-1.539155
-0.584763
-0.116015
-1.867632
-1.295934
-2.765347
0.806591
-0.628572
-1.404517
-2.719853
0.429054
-0.891180
-0.069456
0.651585
-0.809951
0.150110
0.900951
0.293395
-0.917871
1.350568
1.990544
-1.925463
1.743472
0.529325
-0.625392
-2.957459
1.989156
-0.265144
1.724738
0.671555
-0.169062
1.578639
0.188076
-1.013950
1.549064
-1.880484
-2.302943
-2.564320
-0.525460
1.595354
1.119631
0.633410
-1.274004
0.809726
-2.940906
0.192908
0.201537
0.222672
0.444785
-1.499952
-1.698936
-1.015463
1.104951
-1.095072
-1.875798
1.458037
-1.771830
-1.141337
0.543971
0.524018
0.163390
-0.896945
-1.957481
-1.388913
-0.461076
-1.301561
-2.340367
-1.555999
1.317225
1.603800
-1.931827
-0.222413
-0.090209
1.862200
0.988995
0.031566
-1.479589
0.548427
0.406171
-0.487301
-2.066556
0.399253
-1.755060
0.706568
-1.706744
-2.249902
-1.095703
-2.482916
-2.363922
-2.443027
-1.958384
-1.556730
-0.956009
0.359812
0.357960
-0.772794
-0.344246
-2.744208
1.092293
1.171220
-2.310258
-0.504059
1.283272
0.952186
1.387324
-0.238755
0.243479
0.160382
-1.459360
0.531464
0.314939
1.188630
0.305793
-2.542824
0.760054
-2.763397
-1.412035
0.920089
1.935923
0.049719
-1.375666
-2.822510
0.069128
-0.172635
1.529608
1.120190
0.032684
-2.678889
-1.088451
-0.598719
0.325859
-0.289663
-0.369370
-0.001874
1.501048
1.101767
0.392050
-2.817605
-2.488525
-1.635358
-2.454815
-0.082139
-2.509795
0.873156
-1.864817
1.019594
-0.678771
-0.099254
-0.165258
0.508180
-1.020233
0.948294
0.978678
1.642972
1.431395
0.442336
-2.663015
0.700502
1.346265
-0.316656
0.972905
-0.379862
-1.347505
0.489536
0.636791
0.543519
-2.075113
1.574926
-2.218610
-0.182824
0.270413
-2.167429
0.022656
-1.220181
0.409307
-2.770482
-0.490870
-2.049532
1.510299
1.600493
-2.514271
0.640773
-2.530145
-1.148963
-2.628909
-1.066981
0.243510
0.666787
-0.306778
1.973836
-2.728274
-1.107273
-1.940056
1.479068
1.701560
1.110543
-2.108204
0.422013
0.772277
-2.337561
0.612745
1.412585
-0.679863
1.548262
-0.359253
0.029872
0.059663
0.751088
1.539902
-0.865043
-0.780750
0.938987
-0.442816
0.586382
-1.672497
-1.659848
0.929463
-0.508268
0.535633
0.385597
-1.263456
-1.903797
0.885807
0.751691
1.675676
1.093625
-1.440081
-0.448162
0.751011
0.249412
-0.130930
-2.542326
-0.881266
1.567407
1.406149
1.140735
0.336987
1.745105
-2.019880
-0.121924
-1.179993
0.860624
-2.499102
0.596804
-1.513188
0.853736
1.739701
-2.846734
-2.064706
1.488683
-1.703129
-1.489571
-2.215942
-0.339842
1.281271
-2.684688
1.443042
1.203036
-2.572013
0.178381
1.043312
-2.054118
-0.563042
-0.041051
-1.944742
-2.286647
1.328708
-0.414800
1.459849
-1.306552
-1.228011
-1.176613
-2.333201
-1.113733
-0.515081
1.032603
-2.043119
-0.703378
1.326358
0.104063
1.987649
-0.583057
-1.443016
0.234520
-0.413327
1.203972
-1.831737
-2.995173
-1.866769
-1.788546
-2.086667
-2.609896
-1.518281
0.248948
-2.929320
-0.082877
0.085566
1.109705
-1.188390
-0.266502
-1.094724
-1.030400
0.058934
-1.490762
-2.237556
1.402086
-2.144102
-2.918428
-2.022887
-0.661408
1.714672
1.488070
-2.004509
-1.787836
-0.165228
1.010516
1.732699
-0.524101
-0.562604
-2.691895
0.326769
0.001027
0.268837
1.340311
-0.390208
-0.235812
-0.287253
0.130878
-2.336591
1.924582
-0.556300
-1.733264
-2.967031
1.108470
-1.949595
1.154446
0.776956
1.298393
0.089070
0.001686
1.332897
-0.003969
1.297725
-1.130813
-2.571396
0.542998
-0.833094
1.186172
-1.020333
-0.733202
0.084896
-0.160501
0.450551
0.401378
-1.044198
-1.835291
-2.738154
-2.149449
-2.795788
-0.801211
-2.955044
-2.415076
-2.181156
-0.688770
1.838349
0.129757
-1.173918
-2.035389
-0.784318
0.970959
1.905406
-2.851899
1.128415
-1.726908
-1.138734
-0.706312
-2.978751
-0.861326
1.686512
-1.789658
-0.778971
0.825348
-0.379679
1.740115
-0.879974
-1.729523
-0.099685
-2.408445
-0.741680
-2.411844
-2.869049
-2.108038
-1.799587
-2.655243
1.329845
-1.297171
1.445703
0.926080
-2.377759
0.009559
-1.349574
0.711186
0.906107
1.949068
0.987653
-2.508652
0.086736
0.774319
1.973476
1.222098
-2.186752
0.257994
-0.899906
-1.717615
0.038695
-1.655645
1.573168
-1.763506
-1.252265
1.176888
-2.054696
-0.273101
-2.001733
-0.133910
-2.625572
0.008759
0.207111
-1.089818
1.422200
0.910714
-0.632213
-2.608212
1.784688
-1.755522
-2.066347
-1.091794
-1.787746
1.352774
-0.920096
-1.059008
-0.744513
-0.029236
1.631886
0.100530
-2.398489
1.599713
-0.625592
-1.327259
0.763715
-1.248721
0.737436
-2.917857
-2.425919
0.578236
1.406933
-0.667411
0.828859
-1.369989
-2.410264
-1.313396
-1.239090
-2.380847
-1.892614
-1.156892
-0.882041
-1.467020
1.796885
-1.743114
1.474775
-0.450443
-2.596750
-0.577999
-1.422701
1.661523
-1.782646
-2.938151
1.489952
-0.381947
-1.381777
-0.526819
-1.251696
0.746972
-2.647354
-1.085120
0.379582
-2.356002
0.667470
1.165466
0.982897
-2.444761
-1.104644
-2.748932
1.707551
1.817014
1.561440
1.131810
0.330063
0.375055
1.554353
-2.989482
-1.232059
0.790559
-0.071839
0.609650
-0.622361
-2.025756
1.110744
1.268131
1.481507
-2.313701
1.622602
-0.937199
1.500363
-0.397205
-2.818557
1.506707
1.218646
-0.226598
-0.428920
-0.854958
-1.283701
-2.164083
1.250893
1.757222
1.622405
0.756317
-0.584372
1.466274
1.673708
-1.995755
0.341606
-0.636056
-2.194502
-0.000496
-0.338378
0.878219
-1.777978
0.517796
0.597149
-0.715257
1.677948
-0.725511
-0.656003
-2.439886
0.833099
-0.110545
0.069980
-0.852570
-1.148671
-2.709683
1.352067
-2.809251
-2.086043
-2.123539
-2.324393
1.930024
0.916191
1.419351
-1.974653
0.014855
-2.325876
-2.994731
0.549224
-1.184324
-1.929541
-1.797640
0.069037
-1.689659
-0.097557
-1.637438
-2.415637
-1.616353
1.957667
0.508097
-2.416535
-1.708488
-1.566855
-1.127064
0.428567
0.933903
-0.892994
-0.553634
-1.925500
1.123780
0.367260
0.545197
1.125095
-2.520703
-2.453517
1.732026
-1.836726
-1.858476
-2.404861
-0.506420
1.597710
0.712959
0.699804
-0.395206
0.774372
-2.133691
-2.947030
-2.731596
-1.934957
-2.813462
-2.853639
1.888513
-1.768745
0.707146
-1.997938
-1.335265
1.196613
-0.528011
-1.286732
1.901592
-1.935854
-2.903837
-1.782158
0.264549
-0.727362
-1.777834
-2.058260
-0.176796
1.587107
-2.496443
0.279425
-0.711609
-2.016575
0.418884
-1.824211
-1.519754
0.493359
-0.106996
-0.277512
-1.146721
0.061047
-0.990664
-2.092050
1.919350
1.508298
-2.040216
-1.912070
1.835956
-0.084202
-2.186911
-2.416238
-1.704425
1.721817
1.581867
-0.556833
-0.686004
-1.673644
-0.931695
-1.008505
-1.943774
-1.015469
1.021013
-1.837850
-0.742879
-2.564628
-0.700451
0.521389
0.990462
-0.300071
-0.290562
-0.478254
-0.017262
-2.129503
-2.564413
-2.087447
-0.716403
-2.590573
-1.759919
-0.959247
0.935318
-2.105410
-2.627285
1.224859
-0.785500
1.100160
-1.619490
-0.762713
-0.917283
1.231829
1.340342
0.130127
0.054033
1.132593
-1.515101
-1.306811
-0.573915
-2.794991
-2.412563
0.054511
-0.834344
0.186027
-0.448057
-2.492008
-0.174839
-0.514124
-2.880960
-2.300303
1.809942
-2.312734
-2.124651
-1.016384
0.626779
-2.720994
1.256523
1.385383
-2.873424
-0.629342
0.641707
-1.832209
-0.941951
1.636217
-2.098623
1.449130
-1.471256
0.608309
1.851313
-1.979857
-2.463917
1.939421
-1.147247
1.218658
-0.014464
-0.097172
-0.172700
0.428125
-1.508113
1.139638
1.901544
-2.749444
-1.914603
-0.733427
1.290085
0.454473
1.319951
-2.581339
-1.558438
0.329238
1.503559
-1.679041
-1.640568
-0.019130
1.475134
0.571518
-1.503352
1.159138
-0.371943
1.748514
0.268478
0.306572
0.552022
0.841042
-1.606460
-1.770805
1.078710
-2.122289
-1.309770
-0.297344
0.544843
0.181829
-1.001641
-1.579139
-2.591655
0.050855
-2.274981
-2.615969
1.416237
0.700082
-0.725290
-1.942821
0.006010
-0.999813
-0.848705
-1.178066
-1.761413
-1.065731
1.260911
0.135334
-2.438237
-1.442888
-2.622894
0.029243
-0.504997
0.521630
0.027577
1.494876
-2.619188
-2.687453
-0.029352
-0.317624
-0.304808
0.093779
-0.854898
-0.280595
-2.965777
-2.814961
1.944630
1.399224
-0.244772
-0.875911
1.557035
-2.905956
-2.407283
-1.197123
-2.039648
-2.366091
1.106910
1.839386
-2.448001
-0.561421
-2.805677
-2.018894
1.454326
0.855294
-2.066967
-1.519688
1.605643
-0.956545
1.350878
-2.789972
1.940827
-2.511103
-1.111193
-2.827089
-1.886505
1.514155
1.403183
1.290754
1.710787
1.201437
0.551335
-0.712949
0.472282
0.648092
0.475453
-1.067208
1.433046
-1.793815
-0.648022
1.690856
1.223011
-1.861117
-1.787575
-0.779957
-0.736032
-2.493168
0.317819
-0.424138
-0.480611
0.366126
1.479183
-1.369045
-1.536235
-1.506150
-0.854215
1.215480
1.575849
-1.713242
-1.463089
-2.133414
1.714434
-2.509600
-0.849004
-1.208387
-1.359364
1.169481
-1.524881
-0.678840
-1.265657
1.100486
-1.131013
-0.942644
-0.016933
-1.603656
0.348595
1.828316
1.502492
0.381238
0.468384
0.127254
1.762987
-1.481587
1.965359
-0.215818
0.741081
-1.662391
-1.807991
1.092018
1.552722
-0.389797
1.683208
-2.332579
-0.649956
-0.807712
-2.207675
-1.403239
-1.234630
-2.431113
-1.714504
-2.674545
1.918582
-1.388072
-1.322896
-0.918036
-1.437929
0.734318
-0.323735
1.994718
-1.773528
0.311316
0.281007
0.884859
-0.178061
0.319379
0.798856
-0.625348
-2.219354
-2.682045
0.872792
-2.981320
0.949716
-0.128199
-1.643606
-1.080477
-1.569915
-2.563920
1.200444
-1.144893
0.777472
-0.029716
-1.437845
-2.855136
1.731822
-0.258063
0.739748
0.950515
-1.704841
-0.263961
1.609859
-0.089397
0.499491
-2.045922
-2.806616
-2.797715
1.804273
-2.590836
-1.184440
1.125293
0.800495
1.922259
0.406553
0.933257
-1.753608
0.115449
-1.653083
-0.371040
1.935740
1.977126
-2.453602
0.306023
1.320585
-1.926206
-0.752149
1.639087
1.139165
-1.051338
-1.845933
-1.596831
0.055267
1.870280
1.792897
1.227515
-1.146355
1.209325
-1.877366
0.114987
0.583237
0.458500
-0.987824
0.632759
-2.225443
-0.017223
-1.468253
1.063307
-0.993774
0.633243
0.913316
-1.898266
-1.159623
-1.784754
1.647919
-0.424507
-1.684613
-0.296224
-0.637748
-0.621871
1.210832
-1.547948
1.643289
1.760095
-0.081540
-2.445319
-0.477425
-1.088634
1.329744
-2.994476
-0.154412
-2.200145
0.168131
-1.221219
-2.028313
-1.854732
0.514960
-2.062466
-0.860689
-2.604197
-0.741874
-0.680293
-0.680133
1.997307
1.732319
-1.908931
-0.405550
1.930205
-1.037356
-1.838926
1.175039
1.871957
-0.014877
-2.036657
-2.098691
0.301041
-2.407087
-2.914430
0.170211
-1.269750
-2.681756
0.729446
-2.206888
1.832404
0.211166
-2.934430
-0.957401
1.966677
1.936133
-1.414914
-2.468317
-2.008342
-1.200029
-0.892315
0.868052
-2.650551
0.196912
-2.509963
-1.940032
1.877235
-1.313469
-2.468691
1.717258
-0.044784
0.320882
1.057289
-2.144784
0.617232
1.821218
-2.783545
-0.051324
0.391856
-1.084214
0.611771
0.037238
-1.140128
0.864474
-2.789781
0.156017
0.185333
-2.110756
-2.473143
1.886133
-1.767714
-1.962807
-0.900585
1.863751
-2.936517
-1.042701
-1.676058
-1.499055
-1.610322
-1.682947
-2.282283
-0.332734
0.736553
-2.747457
1.484663
0.723607
-0.329288
-1.348040
1.488625
-2.684908
-2.247404
0.874415
-0.705641
-1.704827
-0.019817
-0.068839
1.018629
-1.909643
-2.371951
-2.374799
-0.240912
-1.010885
-1.939456
1.560450
-0.527400
-1.005778
-1.113769
-1.116459
-1.331038
-2.756077
1.620485
-1.508164
0.280185
-2.920661
0.452099
1.421160
-1.567604
1.287038
-0.750057
1.791068
0.483855
0.141194
1.048598
1.794661
0.861476
1.823115
-0.908583
-2.551597
-1.698095
-1.879671
1.369450
-0.652256
0.526229
-2.676930
1.836536
-0.331646
-0.976039
-1.290170
-0.895284
0.967865
-0.091661
-2.554899
-2.179344
-0.232885
-1.093670
1.682786
0.588705
-2.633198
1.846523
-2.492496
1.613539
1.750112
-2.875140
0.515030
-0.894732
0.234991
-2.512099
-2.848941
0.855365
-0.874737
1.289269
1.742400
-2.488698
0.447989
-2.642323
-1.517561
-2.654459
-0.493210
-1.384786
-1.097530
1.807194
1.509182
-2.166788
0.788962
-1.919611
0.092758
1.990248
-1.904560
-1.939656
-1.798628
-1.546071
-1.810064
1.249609
0.185243
1.386190
0.694644
-2.115995
-0.525549
0.089248
-2.012320
1.945207
1.094608
0.082558
0.553277
1.926963
-0.524578
1.422333
-1.856110
-2.639745
1.814424
-1.986669
-1.951999
0.747880
-2.381004
0.470565
1.789216
-0.649168
-2.576217
-0.476907
-2.377376
1.437903
-0.156527
-2.745322
-2.635035
0.974861
-2.505472
-1.472232
-0.800770
-0.536819
0.677416
-1.676513
0.838773
0.264330
0.594518
0.065561
-0.113505
0.313954
-0.367624
-0.650446
0.956365
1.631728
-2.551944
-2.527957
0.621941
0.964947
0.864474
-2.788920
-0.374826
-1.698082
-1.659241
1.131253
0.971643
-1.592806
-2.287688
-1.177981
-0.320030
-0.751289
1.093100
-0.269869
-2.696122
-0.729542
1.584074
1.544149
0.514066
-2.087725
-0.394811
-2.591880
1.268606
-0.541857
0.999974
-0.433017
0.277258
-2.131266
-2.194499
0.054288
0.426139
0.115474
-1.227055
-0.111542
-1.688547
-1.402943
-1.269034
-0.650670
-2.805731
-2.925344
1.747703
1.646878
-2.925247
-1.621125
1.752683
0.336005
0.239371
1.100304
0.809620
0.278282
0.084594
-0.233476
-1.028346
-0.412416
1.526791
-1.230909
0.106860
-0.999233
-1.116614
1.061490
-1.543263
0.373316
-2.679367
0.883533
-2.457974
1.832538
-2.542236
0.645346
-0.671638
-0.219704
0.435468
1.914317
1.923990
-0.497041
-0.770252
-2.623070
-2.943094
-1.583867
-2.045660
1.587225
-0.510385
-0.033767
0.472978
-2.665848
-1.903115
-2.646293
1.757279
-2.401764
1.545432
-2.934774
-1.742027
-0.243296
-1.069608
1.099578
-1.388833
0.877859
-2.816766
1.618154
-0.691430
-2.863798
1.141397
1.461115
-0.046651
-1.061098
-0.877163
0.524412
1.784499
0.071824
0.145096
1.622694
0.621775
-1.829928
-2.595050
-2.005529
1.076563
1.793766
0.825729
1.028357
1.592602
-0.132294
-0.467758
1.395127
0.899340
-1.786039
0.046709
-1.954360
1.067835
0.113910
-2.515203
-0.018892
0.482626
-0.504064
1.201878
-2.040811
-1.908026
-0.200127
-0.535789
-2.015156
-0.723369
0.338408
0.632319
0.382512
1.884187
0.526907
-1.279545
-2.313346
-2.413040
-2.961922
1.982328
-0.011418
1.101566
-2.981781
-1.785007
-2.608843
1.172522
-0.419355
-0.102977
-2.738176
-2.523315
-1.355927
-1.067452
-2.671845
-2.706007
-1.861487
1.989913
-2.529176
0.140450
-1.453557
-1.929631
1.695589
0.756375
0.395686
-1.714205
-2.649821
-2.532985
1.118910
-1.471948
-1.032437
0.833673
-0.445957
-2.203887
-2.730325
-0.567012
-1.767384
-1.422716
1.411197
0.981200
-0.974382
1.565482
-0.942035
0.208648
-0.248869
0.260335
-1.548569
1.200369
-2.399069
1.846922
-0.782598
-0.121485
1.195069
-1.477787
0.842189
-2.331130
-1.298521
-1.241416
-1.471879
0.136236
-2.286112
0.318779
0.727062
-2.262598
0.513487
-1.830068
0.051130
-2.653002
-1.002114
0.473339
-1.584759
-2.041727
-2.310947
-2.090216
-2.258295
-2.166792
0.732025
1.142980
-1.935961
0.310538
-2.786212
0.132263
0.951789
-0.286886
1.308583
1.358791
0.207630
-2.367917
0.421751
1.371901
0.541056
1.520341
0.375911
0.940902
1.745749
-1.194720
-1.657187
0.655481
-0.329654
-2.503167
-2.720238
-1.046601
-2.230157
0.752880
1.652679
-0.413695
0.034954
0.479826
-2.556313
-0.953506
-2.571927
1.619098
0.177042
-1.448382
0.046494
-0.584152
0.157073
-2.078471
0.140112
-2.135931
-0.598401
0.673382
0.534841
-2.920874
1.873765
0.371354
-0.654991
-0.433029
0.077489
0.366691
0.979652
-1.990329
1.542404
1.182243
-2.040884
1.866560
-0.729306
0.560888
-0.159562
1.246433
1.803809
-0.378465
-2.860531
1.049443
0.986725
1.882672
0.068197
-0.812108
-1.090128
1.226821
-2.819189
0.886754
1.674714
-0.090524
1.567818
-1.693929
-1.856793
0.879168
-0.832338
-1.104197
-0.229278
-0.470223
-0.033367
-2.805306
-0.778812
-1.494121
1.312760
1.562967
1.790210
1.049291
-1.578368
0.372608
0.423848
1.607155
-0.552189
-2.646498
-1.692154
-2.024199
-2.722300
-0.687168
-1.238080
-0.409874
-0.748981
-0.130058
-2.883224
-0.342562
0.560091
1.449246
0.487098
-0.348653
-1.806941
-1.250597
-0.781936
1.001820
0.591845
0.142437
1.928686
-1.567285
1.634640
1.389825
1.795618
1.945995
-0.660827
1.481433
1.440028
0.545218
1.471295
1.053356
1.747910
0.120612
0.122021
-1.198869
-1.386263
-0.925669
0.274222
1.853211
-0.085798
0.988012
-1.473543
-2.836382
1.928396
-1.443544
1.358048
-2.284195
-2.462328
-1.345111
0.723335
0.098077
1.383859
1.523079
1.389015
-1.833535
1.780211
-1.993110
-0.204304
-0.737891
1.259778
1.094834
-1.119187
-2.185070
-1.476095
-0.735803
1.354157
-2.678597
-1.181826
0.044490
0.748529
-1.469206
0.058617
-1.824394
0.417514
0.153037
0.084243
-1.126888
-1.613574
-1.332135
-1.195550
-0.616025
-0.539629
-1.536135
0.174289
-2.718033
1.012236
0.638924
1.404139
-2.641396
-0.948643
-0.847884
-2.381821
1.736148
-2.559819
0.126965
1.893772
1.625831
-1.663872
-1.688645
1.940488
1.785039
-0.851192
-2.985905
-1.102651
0.751529
-1.051813
0.174457
0.105134
-0.019137
1.368773
-2.027023
-0.179681
-1.896155
-0.678700
1.093171
0.932143
-0.464931
-1.086133
-1.635414
1.600307
-0.639302
-1.740344
-1.957271
-2.853390
1.077029
-0.375286
0.563478
-1.620335
0.034853
-1.226048
1.809694
-1.467558
-2.247932
-2.991805
-0.262006
-0.528155
1.298481
1.574750
-0.179991
-2.108791
0.550574
1.502403
-1.108472
-2.091900
-0.567799
0.003626
-1.061392
-0.820963
0.076708
-2.763452
-2.336760
-0.927269
-1.610922
-1.756619
-0.488603
1.054829
1.512499
-1.433256
-0.737224
-2.518930
-2.655282
0.679669
1.201079
-0.466439
-1.433630
-2.016007
-0.024846
0.418934
-0.975168
-1.642807
-2.663262
1.552566
1.976239
-2.359392
-1.303763
0.648145
1.378538
-2.921834
0.731174
1.844908
0.363503
-2.608633
-0.298724
-2.661437
-2.775306
-1.566694
1.568689
-2.037996
0.409106
-1.148304
-1.542544
-2.528565
0.406612
1.924662
0.795705
1.419638
-2.147622
-2.081241
-1.409332
1.353885
-2.265593
0.178232
-1.456822
-1.800540
1.316783
-0.825694
0.561266
1.201281
-2.073942
1.251397
0.223005
1.047839
-0.966665
1.263330
0.786983
-0.174441
1.165604
-1.694158
-0.713863
0.111037
-0.803275
-2.648712
1.093109
-0.126021
-0.031576
-2.703720
1.573500
-1.194027
-0.016089
-2.407679
-2.861315
-2.123941
0.924033
-1.773673
-2.127107
-2.289956
0.712649
0.493586
-1.304945
0.779968
1.918801
-2.704865
-2.666729
-1.719332
1.193906
-1.012248
0.153739
1.896778
-2.854799
-2.610651
0.778230
-2.284943
-0.042121
0.075739
0.952652
-0.777971
-2.362868
0.285343
-1.245304
-1.824840
-2.090674
0.033670
-1.103578
0.162302
0.801051
1.267257
1.787107
-1.087829
-0.150086
0.507608
-0.626240
-2.217495
-1.437731
-0.942450
-1.748133
-2.873372
0.245489
-1.064334
-0.269294
1.969796
-0.641985
-1.840775
0.096330
-2.973204
-2.639446
1.823222
0.882364
-2.101848
-2.754190
-1.676732
-2.839777
-0.126853
0.980980
0.330554
-1.370434
0.117197
-2.278137
-0.644668
-1.940306
-2.723222
-1.198406
1.388844
0.289962
1.381557
-2.173230
-2.473791
0.991670
0.000435
0.316591
-1.057225
-0.786072
1.496931
1.910636
0.060767
-0.681907
-2.815330
0.755146
-0.260529
-0.713830
0.667257
-2.412672
-1.778464
-2.642016
-1.358458
1.397796
0.757154
-1.511073
1.401536
-1.391974
-1.915032
-2.939752
-0.416793
-2.036072
-2.255271
-1.334367
1.296771
-2.177257
-0.156115
-0.827125
1.508173
0.855469
0.865143
-1.545049
0.361577
0.022130
-0.067461
-0.825610
1.971069
0.760748
-1.109229
0.192911
0.249316
-1.739132
-1.584723
-1.440897
0.845048
0.730369
-1.687667
-1.625976
0.228760
-2.241833
-0.491647
-0.104386
-1.412591
1.586752
1.546672
-2.077265
0.409508
0.608514
0.291472
1.770299
1.411507
1.191410
-2.980370
1.918600
-1.082961
1.677774
1.355449
-0.962536
0.665068
0.800144
1.029081
-1.232541
-2.318303
-0.716445
1.713350
-0.730797
0.503397
-1.407415
-1.423506
-1.857317
-2.923306
0.986582
-0.522176
1.794345
0.562515
-2.809414
0.173945
1.496832
0.252306
-1.481162
-0.893627
-1.191783
-2.294789
-0.522520
1.002441
1.022400
1.471895
1.143816
-2.897215
-0.493535
-1.849392
0.272655
0.503078
-1.772430
-1.234967
1.916292
0.118009
1.381499
1.860801
-2.525293
0.404778
1.107903
-1.479687
-1.094798
-2.267828
-2.380749
-0.248254
0.590086
0.574178
-1.781052
-1.142698
-2.323271
0.783865
-2.579105
0.974598
-1.927097
-0.718710
-1.361624
-1.808601
0.835131
-0.953217
-2.722826
0.459564
1.900595
1.293606
-0.364714
-1.756691
-1.704390
-2.682870
-2.996278
-0.438000
1.536281
-1.733730
-0.801188
-2.559773
0.900914
-0.334358
-1.563858
-0.752326
-1.336537
-0.185576
-0.972864
-2.919341
-2.364332
0.677829
0.271972
-0.966779
-0.662466
-1.058856
1.801953
-1.579108
-2.064432
1.093954
-0.922452
-0.649832
1.281186
0.885669
-1.564718
-0.221169
0.808389
-0.412877
-1.231255
-0.694162
1.219128
-2.115505
-2.296044
-1.611142
-0.459978
-2.854574
1.172420
-2.143426
-1.562327
-0.034602
1.439124
0.349343
-0.586608
-1.130351
0.185514
0.933271
-1.508134
0.798174
-2.092153
0.190348
-2.819859
-0.367995
-1.899215
-2.102133
-2.547646
-0.283525
-2.209488
-1.866403
-0.632754
-1.697092
-0.021750
-2.550267
0.655699
-1.676110
-2.375216
-2.265705
-1.698766
1.835448
1.375038
-1.744356
0.607757
-2.420391
-1.509026
0.801011
0.594385
-2.174228
0.744595
-2.595178
0.844372
-0.642285
-1.878374
-1.831764
1.549059
-1.969862
0.535516
-1.577099
1.690033
-2.606497
0.605723
-1.616107
1.090929
-1.755229
-2.133778
0.599183
-1.533433
0.598419
0.631283
-2.031825
-0.875144
-0.541430
-1.808336
0.298196
-0.214151
-1.231791
0.283795
-2.254599
-0.040799
-2.701872
-2.363250
-1.135998
0.287969
-2.101568
1.942336
-2.165446
-1.641981
1.230813
-0.727521
0.548678
-0.366690
0.045142
1.702042
-0.784743
-1.178625
-1.152508
-2.203857
-2.233350
-2.917465
-0.829425
-2.139339
-2.869228
-0.110468
1.358748
-0.524997
-0.620265
-1.792459
-2.866948
-1.800039
-0.249091
1.529387
-2.585244
-2.190801
-2.796709
-1.286661
-1.911108
-1.995704
1.201567
-2.263895
-1.281700
1.475999
0.125669
0.113613
-2.515549
-0.827115
1.686223
-1.659851
0.886223
-2.254548
0.816228
1.343618
0.197557
-1.653301
0.964302
0.024130
-1.436966
1.915375
-0.289059
-0.223617
-0.332526
-0.761498
-0.506464
0.864105
1.018387
-0.965072
-1.965322
1.837373
-1.273022
-2.674131
-1.115832
-0.783558
-1.252063
-0.420872
-0.605123
-2.305463
0.090365
1.775702
-2.782887
1.009096
-2.117496
-0.752755
1.444459
0.016330
-2.544030
0.492223
0.799716
-1.180844
1.553199
-2.387295
-0.270727
-2.112608
1.403186
1.356379
-0.344859
1.952064
1.332691
1.540337
1.445060
0.117199
-2.243896
-0.166845
-1.167021
-1.128895
-0.341743
-0.664716
1.110157
1.414693
-0.251454
1.807629
-1.186741
-2.552937
0.789980
0.195758
-1.891418
-1.064724
-1.810809
-1.259668
1.761565
-0.380540
-2.743716
-0.629913
1.058983
1.326921
-0.432526
-1.465062
-0.295619
-0.462998
1.394982
-1.533995
1.142560
1.017959
1.839873
0.742216
-2.581507
0.607947
0.757663
-2.959395
-0.545805
-0.346545
-1.382132
-1.498613
0.812128
-2.560050
1.249233
-1.134119
1.856843
0.955264
-1.871766
-0.767562
-2.410957
-2.952459
1.023895
1.608198
1.977195
-1.281682
1.774419
0.661530
1.344548
0.813982
-1.412352
0.599997
-2.848635
0.997877
-0.682593
0.656350
-0.722167
0.543824
-1.944654
-0.801124
-1.483725
1.031406
-2.158610
-1.757219
-0.584854
-1.638009
-2.021292
1.137059
-1.456503
-1.438069
-1.621537
-0.171032
-1.541342
-2.342989
-0.618654
0.281534
-0.250291
1.359190
1.911776
-0.783216
-0.503203
0.661408
-0.715705
-0.851058
-0.735393
-1.753981
-1.160047
1.086872
0.057411
-2.086042
-2.104521
-2.687568
-1.949043
0.436011
1.043737
0.096170
-0.666727
-2.684614
-2.304465
1.852962
0.725724
0.252243
-2.551849
-0.920734
-1.777886
-2.926087
-0.744434
1.290955
0.083678
-0.615696
-0.000985
1.441156
-0.495246
-0.606173
0.058479
0.865497
-0.591413
-1.869916
0.324803
1.967645
-1.796602
-2.491503
-1.694028
1.463864
1.158277
0.155652
-0.956254
1.240755
1.362371
0.368108
-0.201928
-0.805094
1.777733
1.354483
-2.205069
-2.598933
-2.261326
1.891293
-0.046377
-1.455241
-0.231152
-1.965450
-0.319614
1.254877
-1.278954
-2.385440
0.901975
-2.498611
-1.152324
0.884584
0.208607
-0.945220
1.685635
-1.532111
-2.195119
-0.364018
-0.046682
-1.577325
-2.109669
0.797359
-0.778203
-1.255156
-2.402834
-1.440191
-2.294950
1.779143
0.061534
-2.802560
0.372662
1.319536
0.449319
-0.301091
-2.432150
0.854332
1.759880
1.298803
1.985353
0.839086
0.518602
-0.853723
-0.523356
1.945812
1.262628
-1.023086
-2.012127
0.178358
0.670268
-1.802790
-1.490724
-1.599589
-1.295114
1.023737
-1.052924
1.498471
-2.203335
1.556562
-0.854534
0.842013
-0.296424
1.006618
1.236084
-2.127112
-2.378511
-2.637424
0.819365
-0.931188
-2.481323
-0.604392
-0.014698
0.978999
-2.958164
0.143789
-0.338254
-2.042511
-0.476113
0.961770
-2.529052
-2.779457
-1.340224
-2.147098
1.727651
-0.367265
0.368228
1.803892
1.014629
0.865758
-1.203206
0.710207
-0.549069
-0.196636
-1.870421
1.829475
0.987060
-2.483712
-0.743453
-2.211058
1.741084
0.403491
-0.522891
-0.222379
0.469533
-0.555192
1.881638
-2.310999
-2.966769
0.509433
0.037122
1.917249
1.212390
-0.364829
1.313522
-0.634501
-1.065190
0.347443
-2.519565
1.674911
-1.759973
-1.868749
-0.071042
-0.999902
-2.359116
-1.655800
-1.032543
-0.954691
-2.488237
-1.798035
-1.578720
-0.544597
-0.036256
-1.352744
-2.570931
-1.644016
-2.974569
-0.576735
-0.180135
0.472235
-0.148985
-0.990581
-0.691247
0.210361
-1.473109
-0.546354
0.431918
-2.754079
0.196431
-0.585562
1.450961
-0.696445
-2.158843
-0.678778
-0.224359
-2.796802
-2.842896
-2.542592
-0.335996
0.916085
-0.365218
-0.221105
1.889288
1.271043
0.419794
-1.524442
1.702287
-1.662282
0.035902
1.394905
-2.833368
-2.418716
1.644342
-0.548280
-1.938376
-0.280417
0.025539
-2.756955
1.854826
-2.933854
-1.278960
-2.485305
-2.520201
0.977478
1.471992
-2.225365
1.289389
-1.234523
-0.628152
0.645750
1.123529
1.149473
-2.799589
0.304858
1.750201
-1.373104
0.247330
-0.121296
-0.631691
1.176105
-0.201900
-0.341891
1.841724
1.855477
-1.997011
-0.769986
1.838117
1.226903
-1.438109
-2.297461
-0.432105
0.605006
1.338367
1.938887
-0.128593
1.741430
1.207918
-0.522314
-0.535173
-1.660126
1.266434
-2.037822
-1.671384
-2.949504
0.688822
0.023397
1.233020
1.364734
0.084115
1.719295
-0.812871
1.083197
-1.711856
1.840239
1.892294
1.785482
1.604207
-0.088920
-1.472728
0.867199
-1.981454
0.695354
-0.193460
1.510152
-0.875027
1.425650
-1.100664
-0.860123
1.910007
-0.514340
-1.514313
1.939240
0.817139
1.656771
-1.650784
-1.723841
0.398925
-2.271476
1.296596
-0.118093
-1.795388
-2.082993
-0.865399
-1.761661
-0.238712
0.969962
0.155566
-2.395328
-0.270040
-0.566248
1.075101
-2.777707
-1.925481
1.448926
0.104669
-2.831692
0.744826
1.294176
-0.794122
1.200607
1.597936
-0.489295
-0.588500
-2.912611
0.750887
-1.831737
1.998136
0.668422
-2.831096
0.767470
1.874116
1.271615
0.025801
1.641347
-0.881304
0.923140
-1.784571
-0.289388
-0.741873
-0.653879
-1.740098
-2.834731
-0.323485
1.180495
-1.418296
0.705785
0.131063
0.786444
0.763562
1.191469
-1.984621
-2.528614
-0.417818
0.734059
0.331065
-2.785259
1.151589
-2.241928
-2.089204
-0.255391
0.651016
-0.371427
0.434336
-2.121174
-2.572776
-2.651817
-1.087369
-2.417085
-0.950061
0.324461
1.218355
-0.113461
1.060786
1.625810
-2.012575
-2.354796
0.945358
1.628411
1.704545
1.287549
-2.175526
-1.065931
-2.103175
-0.067521
-1.829929
-2.615594
-2.292223
-2.387408
-2.162830
-2.688269
1.260493
-1.899515
-2.152176
1.379177
-2.173725
-0.793613
-0.254015
-1.237324
-2.706150
0.731044
-0.349097
0.717664
-0.226631
-0.983457
-0.964937
0.301195
0.180819
-2.971714
-2.595926
-1.723877
-0.203197
-2.131207
-1.198867
-1.365993
-0.242798
-2.707993
-0.242948
-0.218653
-1.907695
0.372013
0.423235
1.306087
-0.588943
-0.371571
-1.995791
-0.262082
-1.803344
-0.811030
-2.978422
-0.339236
1.461381
-0.564450
1.287860
-1.931115
1.748215
0.245201
-0.907370
-2.167975
0.840368
-2.930120
1.465042
0.962239
0.347836
-0.914892
1.414326
-1.428573
-2.022419
-2.799390
-1.342560
-1.407492
-2.721235
-2.795658
1.380194
-0.085043
-1.321647
0.076864
-0.140522
1.237558
-2.359589
0.394291
-0.144672
1.493104
-2.412493
1.233710
-2.035804
-2.760078
-0.632680
-0.452347
0.405765
-2.301799
1.665930
-2.710835
1.988573
-0.054719
-1.659872
0.532314
-0.393328
-2.656442
1.184653
-1.536918
-2.987707
-1.393243
1.761634
0.779562
0.102621
-2.253004
1.768038
-1.585477
0.887663
1.958400
-2.178637
1.643239
0.922948
-0.021049
-0.768608
0.011214
1.463816
0.360379
-0.121849
0.081148
1.859805
0.742517
-2.520938
-1.400551
-1.062979
-2.490842
-0.586258
-0.241869
-2.098065
0.821638
-2.735376
-0.460070
0.610049
1.089142
-1.795534
0.454792
1.688762
1.025950
1.136534
-0.266764
-0.499249
-2.866812
0.495709
-0.612006
-2.983427
0.551204
-2.913215
0.596213
-1.454164
-2.129386
-0.584498
-0.657802
-2.681994
1.719801
-2.304199
1.335711
-2.717672
-2.909337
0.777464
-0.166326
-2.429937
-1.946035
0.993770
0.289808
-1.192849
-0.213262
-1.288474
-2.382725
1.545361
0.881840
-0.913283
-1.546038
-1.262805
-0.970555
0.887398
-2.503335
-0.556280
-1.394891
-0.930761
-0.295425
-2.211142
0.345956
-2.522623
0.272375
0.805104
-0.618208
-2.219747
0.708352
-1.735428
0.655926
-2.846198
1.956789
0.754765
-1.670208
1.810748
1.242459
0.009035
-0.154396
-1.931231
-0.193468
1.377652
-2.809780
-0.972455
-1.047397
-0.609453
-0.069018
-1.979693
0.306030
1.451090
1.466411
-1.033401
-0.369963
0.032849
0.093094
-2.376958
-1.527678
-2.677166
-2.125680
1.690040
-2.504480
0.200791
-2.300732
-0.404601
-2.134289
1.999216
-1.174245
-2.531848
0.227069
-0.646819
1.917756
-0.282734
1.091857
-1.160875
-2.829391
-0.572131
-2.799570
0.629653
0.568409
1.247767
-0.772195
-0.280944
1.174542
-1.472322
-2.316150
0.458951
1.596905
-2.808307
-1.217571
-0.708123
1.580704
-0.115242
1.119915
0.401978
-0.957378
-2.645488
0.291224
-2.393173
0.938970
-0.727892
-0.677551
0.403642
-2.990904
-0.117159
-1.096630
1.935488
-2.261714
0.364961
1.907469
1.822634
1.010339
-1.237056
1.804500
1.219862
0.222296
-0.865304
-0.157021
-1.046009
-2.270828
-2.807885
0.871359
-2.068067
-0.008585
-1.292000
-1.635619
-1.841026
0.879874
1.043434
-0.006779
-0.935352
-2.466791
-1.363482
1.958824
-0.042945
1.221579
-0.924541
-0.763268
-0.239897
1.049348
-0.607350
0.265983
-1.623828
1.329022
-0.121043
-1.380250
0.133380
-0.278778
-2.417227
1.660431
-0.135326
-1.420591
-2.878489
-0.768305
0.101836
-0.439575
0.064173
1.563210
0.866887
-2.232244
0.677910
1.639826
-1.449857
0.257721
-0.482049
1.195872
-2.987317
0.158367
-0.325156
-1.893122
0.301057
-2.143221
1.882097
0.403648
-2.880552
-0.434346
-2.061587
-1.097652
-0.243667
-2.310511
0.236557
-1.184858
-0.910339
-2.067223
-0.816208
-0.009292
1.833676
1.601455
-1.347967
-2.273283
0.935487
0.736540
-2.967965
0.407482
1.543654
-2.796755
-2.064954
-2.686450
1.833030
0.739198
1.698181
-0.677984
-1.875860
0.423900
-2.517466
1.949414
1.808789
-1.674898
-2.008695
-2.137309
1.253155
-0.219498
-1.106881
-0.348571
-0.422691
-1.162008
-1.868599
-2.549346
1.133126
-2.546278
-2.290044
-0.764813
-1.210060
0.522331
1.808063
1.119723
-2.820060
1.250622
-2.800582
-1.381587
-2.337143
-2.368449
1.474059
-2.492838
0.866323
-1.709234
0.912559
0.377153
1.812146
-0.253897
0.744430
-0.365126
1.332704
1.744057
0.373685
-1.476265
1.419038
-2.235655
-1.659401
-1.557535
0.506838
1.420728
1.166239
-1.026230
0.156711
1.835588
-1.274704
-0.946577
-1.113987
0.214226
-1.507631
-0.755335
-1.907366
0.900247
-1.544732
0.681473
1.518242
0.094247
-2.984936
0.173028
1.078063
1.998197
1.695555
0.188220
1.409955
0.117430
1.643852
1.229415
0.776779
-1.675862
1.783442
-2.688908
0.523262
-2.537202
0.238145
0.503687
-1.529748
-2.470112
-2.174339
-1.108337
0.175790
-2.493684
1.645732
-2.185668
-1.513923
-1.499053
-1.585904
-1.285048
0.206322
0.655677
-2.029666
0.405204
-1.736135
-1.218476
-0.924502
-0.106205
-1.984894
-2.105827
0.364475
-1.260600
1.094661
0.959777
-1.033739
-1.050498
-2.724541
1.638138
0.184290
0.356064
-2.633786
1.950979
-1.898758
0.578236
1.403059
-0.778616
1.804224
1.598195
-1.130047
0.301807
0.473825
1.581118
1.855666
1.170125
-0.715569
1.421876
0.469039
1.143691
0.011266
-2.652039
0.184305
0.611399
-1.213448
-1.425385
1.561796
-2.890644
-0.053486
-0.948012
-0.234388
-1.356564
-1.774317
-2.942915
1.432964
1.825535
-0.229228
0.355968
0.753238
-2.329468
1.622365
0.079297
0.739265
-2.172122
1.144046
0.974372
-0.722808
-0.230582
-2.386835
-2.536083
-0.947341
1.031005
1.108756
-2.139470
-0.063272
-0.413996
-0.037276
1.497020
-1.587601
0.189245
-1.354658
0.265234
0.796497
-0.277061
1.442353
-0.376547
-0.621838
1.767874
0.654124
1.852097
1.183235
-0.373417
1.974768
-2.076866
-2.892411
0.251429
-1.227607
0.605953
-2.739863
-0.873359
-0.551252
-1.896439
-0.443471
-0.427628
0.855938
-1.251747
-0.107942
-1.177642
0.367510
-0.267578
0.814819
-2.339249
-2.753186
0.195550
-0.387653
-2.283132
0.401634
-1.739851
1.317432
0.076947
1.250106
-1.470556
-2.627914
0.642982
-0.398093
-2.743874
1.710139
0.310927
-1.253933
-1.852863
1.933959
-2.954276
0.483289
0.643660
0.996553
-2.931983
0.166883
-2.202502
0.550032
-2.604712
0.602044
1.552954
-1.500561
-1.928353
-1.823767
0.946602
-2.456752
-2.629622
1.948343
-1.202230
-2.875196
-0.426795
-0.152157
0.690518
-1.468975
-1.058291
1.306883
-2.223853
1.709241
0.212921
1.568204
-0.192016
0.791463
0.112688
1.937760
0.933629
-0.506052
-2.214410
0.407465
1.269771
-0.961651
0.526795
1.852183
-2.356443
-1.737528
0.371836
-2.548751
1.146418
0.846006
1.827332
-0.026526
-2.823498
-1.525906
-2.898613
1.004426
-0.619540
0.382475
1.262421
0.507328
-0.344367
0.226923
1.893784
1.825521
-0.477207
-2.418849
-0.601396
0.341101
0.892447
-2.642522
0.130600
-2.000676
-2.362573
0.229965
-1.986133
-2.938331
-1.523827
-2.953405
0.120752
-2.519620
0.740521
-1.056499
1.411834
1.689708
1.919623
1.103629
1.687470
-0.691090
-2.152584
-0.473083
1.888933
0.300619
0.502731
-2.600532
0.862648
1.522986
-0.168981
-2.061020
-1.571278
-0.474872
1.821744
1.056887
1.088029
-0.504353
1.345303
-1.499865
-0.234661
-0.952991
1.082706
0.051360
1.210485
-2.372997
0.040641
1.052865
-1.494979
1.891384
1.484578
-0.690813
-2.496050
1.880106
1.943533
-2.043889
1.353646
-1.263850
1.468403
-2.547771
-2.393436
1.518207
-0.505213
1.878181
-0.416625
0.771208
-0.308352
0.516678
1.805841
-1.233033
-0.590775
-1.158512
1.887790
1.079761
0.533452
-1.267364
-2.582844
-1.863047
0.775724
0.595572
-2.218082
-1.310930
0.191674
-0.530242
1.225703
-1.607523
0.353337
1.536013
-1.236475
1.563160
0.030209
0.720515
-2.309059
-0.352528
-1.931372
-2.574093
0.213254
-2.836685
1.830417
1.814326
1.385250
-0.100378
0.950730
1.925303
1.566002
-2.195520
-2.105457
1.591057
-1.111731
-1.867054
-1.581766
-1.747326
0.688552
0.501673
-0.381769
1.611809
-2.322855
-2.215956
-0.577568
0.820956
0.803650
-0.054715
-1.601800
1.542703
1.198163
0.527537
-0.682445
-1.859756
1.083345
0.782956
-2.859035
1.200850
0.688035
1.816477
-2.469094
-0.060417
-2.427005
-2.666166
-2.250207
-1.236219
0.867076
0.948354
1.977323
0.864739
1.670506
-0.800831
-1.563522
-0.107322
-0.760706
-2.178783
-0.805710
1.433660
-1.482417
-1.981388
1.814955
1.944822
-0.370481
1.319596
1.442798
-2.894264
-0.892550
1.902079
1.232997
0.977916
-1.171064
0.926245
0.404359
-0.937512
1.230360
1.660082
-0.996337
-2.439376
-0.592175
0.320900
1.373083
0.404968
-0.708017
-1.645959
-0.625516
-0.048156
-1.357880
1.107111
0.221747
-0.104411
-1.831302
-0.684913
1.661935
0.140677
-2.637693
1.292045
-1.595495
-2.492054
-0.946206
0.121477
-0.341516
-1.857305
-2.728978
-2.930139
1.157974
0.077121
-0.826980
-1.052818
-1.708234
-2.292248
-2.817936
1.943444
1.462957
0.916736
0.574755
-2.097016
-1.545161
-1.521800
1.111102
-2.710221
-2.686607
-0.800778
-0.672646
-2.160898
-0.206880
0.965734
-0.911075
0.557839
-1.393753
-1.810667
1.124831
-1.962833
-1.329001
1.485228
0.228146
-2.550922
-0.354634
-2.324914
-1.832614
-2.737548
-1.967539
-0.421858
-2.167168
-0.599664
-0.558384
-1.753723
-1.819191
-2.136623
-2.228660
0.916379
-0.420127
1.930333
1.112117
-0.643101
-0.601247
-2.162561
1.843042
-0.990928
-1.530071
-2.898795
-2.045706
0.815975
-2.901717
-1.160243
-2.204273
0.786741
0.763869
1.342002
-1.966244
1.333922
-2.765999
-0.147000
-2.628412
-2.723328
-2.978240
-2.277247
-0.694386
-2.538194
-1.434526
-2.077150
-2.659726
0.980849
-1.875542
0.757844
0.088976
-1.577323
-2.073550
-2.155748
1.340359
0.415203
1.317966
-0.943546
-0.184046
-0.260189
0.014447
0.805155
0.234749
-1.573906
0.354391
-0.750801
-0.706704
0.420724
-0.885713
1.825933
1.448582
-0.683988
-2.783626
-1.397655
-2.396150
0.910235
1.322827
0.753222
-2.594156
-1.985631
0.507300
-0.808197
-0.360091
0.944364
-0.074548
0.072468
0.964973
1.299424
-2.576344
-2.609045
-2.217000
1.879978
-0.211967
0.476189
1.313834
-0.389934
-0.620289
-2.192074
0.813589
1.992210
1.075173
-1.565755
-2.641298
0.711095
-0.629152
-1.161143
-2.330375
1.388219
-0.198391
-1.354467
-1.533663
1.724914
-1.366203
1.226061
-0.584937
1.969758
-1.278425
1.506293
-0.728470
-0.401932
-2.271193
1.062189
0.214174
-2.380623
1.862087
-0.903030
0.771282
0.933770
1.879034
-1.073474
1.129404
-0.102525
-0.146050
-1.661171
-1.301025
1.666023
-1.157849
-1.968126
-0.290636
-1.714194
-2.464766
-2.321985
-2.593246
-1.689579
1.248892
-1.876366
1.923993
-0.447657
-0.766809
0.246513
1.139238
0.177402
-0.413194
-1.561247
-1.874021
1.326554
-1.614849
-2.767739
0.614193
0.745041
-0.092703
-0.058847
-1.046349
-2.982160
1.833529
-0.890539
0.704911
0.436077
-2.853018
-2.679524
-1.762484
0.931233
-0.770843
-2.565338
-2.629951
1.417057
-0.534000
-1.936658
-1.407532
1.602801
1.285580
-0.251484
1.303062
-1.427942
-1.428059
1.615975
-2.308038
1.809839
0.968869
1.780895
-0.498952
-2.889436
0.240524
0.482777
-2.965776
-2.804983
-0.344690
-0.203990
-0.465853
-1.597684
0.729998
-2.924071
-1.854769
-0.094205
-0.306206
1.599058
-1.637215
1.320202
1.631439
-2.397836
-2.437931
-1.303429
1.269513
-0.289751
-1.843114
0.774930
-2.759149
-0.011325
-2.342591
1.072814
-1.224981
-0.255867
-2.364516
-2.427909
-2.868497
-2.826786
-1.794317
0.918321
-2.771958
-0.294160
-0.950027
0.901225
-0.104348
-0.779242
1.282258
-1.092629
-0.815339
-0.401804
-0.119333
-2.622961
-1.102489
-1.526851
1.214014
1.925251
0.688510
-0.212327
-0.574181
-2.261734
0.025610
-1.571025
-1.224136
-1.059381
-2.024470
-2.265820
1.365303
-0.351827
-0.157461
1.559011
0.303911
0.835279
1.534708
1.824647
-0.164563
-2.808968
-2.329293
-0.428973
-1.743643
-2.399545
-1.148419
1.528413
1.037413
-1.193203
-1.159854
-0.672972
-2.640608
-2.704627
1.343346
0.612557
-1.751107
-2.857653
-0.569155
-2.795331
1.865657
-0.907023
-1.329347
0.661079
-1.247657
-1.363540
0.976693
-1.719979
0.309697
-1.929596
-2.723891
-2.428190
-2.579541
-1.340670
0.360014
-1.235339
0.653318
-1.681574
0.778466
1.679230
0.820641
0.505511
-0.875777
-1.180713
-1.250605
-0.910875
-1.083240
1.994162
-1.118487
-0.411550
1.080120
1.574588
-2.906385
0.387331
-2.119466
1.142447
-0.903297
1.285950
0.969697
0.690858
-0.757330
-0.438193
-1.707006
-1.650826
-2.424732
0.532308
-0.506106
1.884031
-2.088040
-0.685319
-0.163598
-1.595118
-1.151286
-1.661008
1.441413
-1.177634
0.503101
-1.375399
1.677026
-1.225713
-2.560798
-1.336547
-0.339677
-0.951912
-0.788135
1.814571
0.490924
-1.034407
-2.275273
-2.508741
-1.405087
-2.301168
-2.735013
0.627202
-0.613711
-1.647308
1.690575
1.484379
0.954296
1.857995
0.324667
-0.315268
-0.711715
1.214039
-2.644260
0.924547
1.858421
-2.523675
-2.399841
-1.124346
1.118089
-0.270385
-1.360578
0.758271
-2.734047
1.862848
1.897036
1.481479
-2.783753
1.463046
-2.592850
-0.026560
1.602516
1.492712
1.007057
-1.396250
1.231267
1.915750
1.010268
-2.431007
0.057229
-0.150065
0.851421
-2.171207
1.524309
-2.937435
-1.477710
-2.871078
-1.203381
-2.227499
0.426774
0.789624
-0.783940
-2.680760
-2.533120
-1.150854
0.596424
-2.909953
0.415664
-0.936315
1.347690
-1.374696
-1.517874
-2.914523
-1.382932
0.056193
-2.557945
1.610765
0.134848
-0.618123
-0.792922
1.362508
-2.329139
-2.838523
0.948855
0.406049
-2.541253
-2.843676
-0.661504
0.104318
1.272782
-0.355604
1.361019
-2.351998
-2.031663
1.832467
1.271756
-2.591069
-0.102163
0.939304
-0.111689
0.839221
-2.217151
-0.656235
-1.347592
-0.984521
1.152083
1.059110
-1.534210
-2.470404
-2.086559
-0.801065
-0.504685
0.751014
0.289170
-1.918966
0.932710
-0.938596
-1.975027
-1.281185
0.127386
-1.030251
-2.429153
1.220032
-1.931370
-2.544823
-2.835418
-1.872780
-2.818090
-0.636206
0.292607
0.846487
-0.095228
-2.506139
-2.682567
-2.897750
0.511775
-0.598549
-1.812038
-1.920539
-0.503043
-1.648630
-0.520231
-0.523793
-0.391801
-1.990646
1.207090
0.556688
-0.745077
0.485126
1.517278
-1.106024
-0.944881
-2.619703
-1.349014
0.127443
-0.061777
-0.285559
-1.399374
-1.270796
-0.263029
-2.730906
-0.336747
-1.703701
-1.102465
-1.134985
-2.688934
0.083733
0.300616
0.443251
-2.287722
-1.737801
0.781984
0.800015
-1.150836
0.889638
0.153279
-0.830940
-2.609123
1.472239
1.931220
1.008672
0.752095
-1.543088
-1.674460
0.347388
1.545145
-2.748460
-0.374002
-2.852765
1.580251
-2.717464
0.574023
0.616210
-0.349523
-1.429220
-2.904007
0.348421
-1.092407
-2.084665
1.031048
1.825651
1.721924
-1.615759
1.938088
1.441671
-1.841512
-2.300756
-0.802690
-2.803883
-1.865497
-0.413205
-1.737379
-2.131943
1.428777
1.463932
-2.694417
-2.062295
-2.994047
-2.943156
-2.624461
-1.309972
1.303586
-2.631925
-1.765654
-2.340436
-2.718020
1.244131
-1.896413
-0.010164
-2.837987
-0.055399
1.912807
1.550158
1.497709
-0.007314
0.077471
0.060328
1.932935
-0.160666
-2.317010
1.008735
1.801767
0.305058
0.111353
-0.496919
1.287027
-0.942390
-0.750075
1.483061
-1.185798
-1.706261
0.872657
-0.259968
-1.277302
0.382244
-2.629515
-1.261649
-1.537015
0.396070
-0.261873
1.706547
-0.059181
-1.659577
0.485428
1.584343
1.061842
-0.613106
-1.471541
0.807340
1.968244
-1.730678
0.492406
-1.130861
1.624288
-2.595490
0.607944
0.712113
1.490678
1.831220
0.309687
-2.087454
-0.841077
-2.987538
1.447299
-2.255848
-1.046774
-0.125248
-2.048021
1.909920
-1.977245
1.442327
-0.807584
-0.065520
1.804754
0.498108
-0.303504
-2.993952
-1.355655
-1.499514
0.673582
-1.103655
-1.125489
1.915701
0.189516
-1.798850
-0.272910
1.210600
-0.448766
0.578923
-2.044593
-0.480294
0.708210
0.884925
0.933753
1.577562
-2.909073
0.212393
-2.305607
-2.340035
-0.969028
1.540358
1.797129
-2.655402
-1.338477
-2.790661
0.367154
-1.249898
0.960318
-1.935428
-0.741026
-1.425383
1.589501
-2.246874
-0.210646
-2.326545
0.761632
-1.241045
-0.236376
0.238183
1.142241
0.638387
-2.631874
-0.910075
-2.629437
0.055803
0.876553
0.217981
1.608085
0.079457
-1.564551
-2.404107
-2.822458
0.944820
-2.409519
1.209108
-0.516549
1.358878
1.664469
-2.266343
-2.425549
1.800708
-2.501536
-0.321920
-2.504004
-1.786376
-0.624786
-2.785605
0.337027
-2.583940
-0.285302
-2.077652
-1.104183
-0.004113
-1.128058
-1.268248
-2.441010
1.934608
-2.038330
-0.213631
-2.499128
0.147805
-2.836093
1.776402
-1.018368
-2.703145
1.246775
-2.460949
1.828064
-2.724374
-0.547382
-1.854027
-2.635995
-0.166595
-1.958939
-0.890966
-1.472105
1.338216
-0.601631
1.389998
-0.302208
-1.211406
-2.095251
-1.876647
-2.812995
-0.009308
1.555880
-2.332335
-1.558878
-2.059715
0.362396
-1.219778
-2.816618
-0.895643
-0.082271
0.278903
0.528805
0.629423
1.718070
-1.397865
-0.922555
-2.386346
0.676753
-2.823220
-1.855989
-0.615806
-1.855874
1.327677
-2.734633
-2.980689
1.559377
1.443542
-0.400678
-1.202137
-1.319862
0.077842
1.293522
-1.768765
0.364116
-2.299192
0.483463
-1.438669
-1.716027
1.732131
-0.063936
-1.576395
-1.465304
0.628212
1.368492
-1.746950
-2.988954
-2.353864
1.599740
-0.172367
1.026052
-2.132077
-0.819582
-1.711846
-2.991377
1.927806
-1.366010
-0.538204
-2.601807
-0.565834
-1.967883
-1.207071
0.757525
-0.275804
-2.442651
-0.631782
-0.354928
-2.281706
-0.633045
-1.590333
-0.735342
-0.887837
1.126966
-1.072121
-1.132489
-0.735877
0.108630
-1.259891
-1.990827
-1.830755
-1.493469
-2.728914
-1.856830
0.250240
-1.208993
-1.547888
-2.353879
1.354579
-0.593581
1.689335
0.652540
0.246706
-0.608357
-1.663980
1.490550
-0.325923
0.206830
-0.804384
-1.283689
-1.957350
0.821567
1.071807
1.865640
-1.197107
-1.777465
-0.850188
-1.114796
1.618805
0.254452
-0.428679
-1.811034
-0.050879
-2.116079
-1.932692
0.252628
-1.071224
-1.055262
-2.790842
-2.684348
-2.833495
0.445194
0.378135
-1.686893
1.387868
-1.106360
-1.599981
-2.879282
0.913328
-1.698381
-1.684514
1.375175
0.572289
1.450737
0.533005
1.223274
-2.432878
-1.391666
-1.732606
-1.904889
-2.462568
-0.384965
-2.109837
-2.035160
-1.934488
0.066635
-2.058580
-0.558755
1.996334
0.391643
0.343205
1.242239
1.319763
-0.752349
-1.724060
1.720844
0.229608
-2.980623
-2.334092
-1.086282
0.857800
0.046765
-1.024001
-2.377599
-2.303414
-0.480771
-2.313545
-0.744099
1.924689
1.245096
-0.680567
-0.290021
-1.390666
0.085440
-1.009637
-0.963730
0.590274
-1.257198
-1.734456
-2.993927
-0.937610
-0.408560
1.331867
-2.306858
1.636498
-2.379361
-1.922309
-0.239999
-0.655392
-2.168364
-0.685297
0.204437
-1.030631
1.188990
1.361446
-0.179248
0.378103
-2.223821
-2.762088
0.590510
-2.292282
1.624396
-0.781650
0.805724
-0.198415
-1.754747
0.966162
1.290710
0.972800
-2.154296
0.747479
0.872862
-1.814370
-1.108383
-0.596633
0.384315
-2.821542
1.339562
-2.976419
-1.675948
0.345699
-1.838279
-2.952452
1.140313
-1.767204
1.606363
1.139030
1.687076
-2.320573
1.133214
-1.073355
-1.878315
-0.843176
1.744768
-2.683589
-0.073070
-0.083506
-0.480345
-0.165800
1.402434
-1.290604
1.824080
0.309689
-2.054740
-1.013123
0.442708
-1.395150
-0.288796
-0.797375
1.521247
0.606496
1.368896
0.039060
-0.518989
0.352851
-1.630373
1.316176
-1.032258
-1.156696
-2.589527
0.822763
1.177907
0.074135
-1.012282
-0.415551
-1.161932
-0.585936
0.178752
-2.710619
0.623843
-2.067504
-0.543766
-1.067909
-0.339222
1.696016
-2.061562
-0.664580
-1.600160
-0.890008
-0.358393
-0.509776
0.196237
1.146615
-0.837100
-1.142675
-1.934927
-2.311087
0.556982
-0.805856
-1.016777
-0.963885
-2.007767
-1.541350
-2.477211
-1.491721
1.650259
-1.100054
-0.598931
1.761730
-2.598384
1.966902
0.728048
-0.698870
-2.911687
1.273826
-2.809667
0.928257
-0.780169
0.699096
-2.297979
0.871585
1.734022
1.706583
0.551549
-2.108279
-0.853255
-2.652612
0.553214
0.866999
-0.344915
1.015521
0.863273
-2.970543
-2.922977
1.525733
1.005072
0.239155
-2.513366
0.866700
-0.367135
-2.440819
0.149994
-1.053449
-2.323061
-0.678929
-2.760376
-0.643982
-0.413473
-1.238089
-0.567771
0.476143
0.532567
-1.149635
1.078423
-1.941493
-2.675886
-0.608565
-0.153640
0.763884
1.594990
-0.007242
1.275962
-1.900485
1.553949
0.227286
-2.006109
1.323733
0.979071
-1.746524
-0.833539
-1.300299
-1.122337
-0.116253
-0.871799
0.683207
0.661685
-1.067155
-2.666413
-1.398222
-1.921624
1.268286
-0.914817
-2.322342
1.401189
-2.211310
-2.495095
-2.055097
-2.015635
1.220714
-0.453061
-1.593976
-1.957780
-1.416299
-0.732357
-0.714353
1.867640
-2.582460
-0.400501
1.788905
-0.865679
-1.458148
0.907690
-1.449807
1.091151
1.977010
0.606632
-1.334769
-0.458521
1.638596
-2.111941
-2.395244
1.131036
-2.671414
-0.460120
-0.231090
-0.934639
-0.477537
-2.968137
-2.470079
-1.612601
0.016407
-1.252209
-2.880466
1.014197
-1.390069
0.113406
-0.984000
-0.086375
1.297559
1.067934
1.765783
0.508051
1.818437
0.472720
-1.987099
0.822540
-2.568890
-2.326560
0.495771
0.420292
1.850830
-0.106798
-1.960814
-2.405173
-0.737487
-1.944507
1.671657
-1.461872
-1.689020
0.643822
-1.284723
0.664863
-2.656293
-1.319674
-1.767035
-0.562566
-2.039176
0.578300
-2.515101
1.689839
-0.872089
0.805931
-1.714819
-2.969867
-1.548875
1.050931
0.997844
-1.230870
0.776602
0.346987
-0.191167
0.046529
0.013078
-2.194314
-1.836334
-0.268321
-1.668045
-1.822892
0.648046
-0.298615
-0.812145
-1.711346
0.414887
1.008361
0.532532
-1.724756
0.024062
-2.598595
-1.580830
-1.009006
-0.369448
-1.309739
0.221271
1.896375
0.368504
1.449351
-2.758152
1.738827
-2.537651
-2.304518
0.960364
-1.159013
-1.534753
-1.599395
1.975839
0.926913
1.635434
-0.265393
-2.464130
-1.641104
0.972366
0.561780
-0.156569
1.555548
-2.905649
-2.248570
1.278243
1.430450
-0.424884
1.967614
-2.307742
1.775553
-0.277621
-2.976252
1.130002
-0.068807
1.559861
-0.413904
1.514106
0.575074
-1.722609
1.111646
1.430978
-1.550056
1.215546
-2.318559
-0.027600
-0.877249
-0.922528
-1.921773
-1.240144
-0.091294
-1.384159
-0.552593
0.561427
-1.103905
-0.325040
0.053961
-0.070320
1.126861
-2.844832
-0.099192
0.880619
-1.439502
-0.703001
-2.341326
-2.671550
-2.746163
-1.761318
0.528774
0.112179
-1.614348
0.646391
1.890226
-2.973067
-0.335872
-2.001905
1.974873
-0.315268
-0.709367
0.675375
-0.962663
-1.480414
1.688592
-1.835919
1.713544
-2.464931
-0.092989
0.137484
-1.309955
1.583183
1.555556
-2.765518
-2.064474
0.391537
-1.438938
-1.227499
-2.568155
0.026111
1.848309
-2.475474
-2.299950
-2.265301
0.081335
-0.005617
-1.400265
-1.255319
-0.142964
0.207113
-1.052330
1.488205
0.260207
1.301919
-0.653145
0.599190
-1.411811
-0.304353
-2.262010
0.391226
-1.672274
-2.915674
-0.735000
-0.144104
1.051996
-1.104188
-0.093921
-0.524177
-1.839320
-0.451274
-1.569441
0.405007
-0.050602
-2.471755
0.221548
1.562926
1.090062
-1.321237
1.969509
-0.468194
-0.933211
-1.481654
0.836444
1.115931
-1.548620
0.349329
-0.818152
-2.675814
0.602057
1.769118
1.573148
-2.109354
1.092876
0.977700
0.195975
1.742678
-2.808177
0.964499
-1.657411
1.900585
1.128039
1.953377
-1.587282
0.552069
1.626223
-0.077864
-0.666856
0.153195
-2.249196
0.770599
-0.546222
-2.352437
0.593744
-2.936856
-1.733215
-2.144127
1.649204
1.172007
0.922567
-1.411866
-1.237961
1.595242
-0.767659
0.953488
-1.719425
-0.376337
-2.096372
-0.720079
0.627559
0.390522
1.513000
1.981656
-1.307412
-0.676506
-2.033438
-2.986665
1.118219
1.904915
-1.090053
-2.520451
1.776870
1.852651
0.508080
-2.702667
-0.730023
-1.497434
0.624113
-2.541632
0.786051
-0.844163
0.152318
-2.002097
-1.248496
-0.468693
0.682634
1.032042
-1.477064
-2.010895
0.892958
0.941792
1.695836
-0.081053
0.741376
-1.689516
-2.697405
-2.286259
-2.153453
-0.087145
-1.649800
-0.183436
-0.008858
-0.871443
1.658405
0.816798
0.928182
-2.050193
0.404525
1.848362
-1.578573
1.930571
0.104622
1.386453
0.119791
1.322488
0.057699
-2.246411
-2.424778
-0.246455
0.826285
0.376446
-0.069417
1.310722
-2.697434
-2.769655
-1.584938
-0.049870
-0.175198
-1.551855
0.976999
-1.582163
