2.628630
0.266238
0.518187
1.002187
2.127347
-1.145317
2.809160
0.054053
-2.133650
2.038462
-1.613702
0.276757
0.300549
-1.174378
3.552079
1.676574
-1.393213
-0.645330
1.066190
1.923874
-0.922032
-2.096267
0.663100
-0.457296
3.945271
2.559867
-1.035444
3.025004
-2.516214
0.370465
1.338515
0.168550
1.465966
-0.663613
0.820367
0.822037
2.219826
-1.862682
-0.149617
2.299084
4.135852
0.313173
-1.855232
2.569229
1.381428
3.340606
2.569722
-2.440063
-0.897072
0.805219
-1.694592
-2.204748
0.978226
-1.069885
-1.539364
-1.714633
-2.300712
1.525535
-0.165586
-0.211611
0.920468
0.606960
-0.740228
-0.923832
0.979430
-0.517531
0.763650
-1.313860
-0.896619
0.797743
1.168445
0.569680
0.649820
-1.196700
1.396842
-0.898003
0.237494
3.035432
-0.752564
1.457485
2.058035
0.210174
-2.710309
-2.510791
-0.640505
1.056614
1.184613
1.588187
1.332393
2.641802
1.301995
-0.270660
3.209176
-0.694384
-0.292386
-0.712410
2.641593
0.670671
-1.449341
2.200166
