1.820117
-1.282187
-1.713513
-1.015844
-0.295532
0.986407
1.535657
-2.206351
0.853742
1.846492
1.986385
-1.830085
-0.230267
-2.094174
1.208527
-0.292154
-2.230780
0.280728
1.199877
-0.671111
-1.360567
0.950135
1.914829
0.527322
0.705020
-2.729696
0.000700
-0.238188
-0.224316
-2.075171
0.598861
-1.953858
-0.500582
-0.280790
-1.233443
-2.472267
1.610507
0.796143
-1.221736
-0.715387
-0.511127
-2.502543
-2.242647
0.824964
-1.827042
0.910243
1.455601
-2.708202
1.250135
-0.986142
-1.096517
-1.165601
-2.248177
-2.115714
-0.811023
-2.862553
-2.922282
-1.801824
-0.249247
-1.093190
-0.240362
-1.756242
0.837334
1.075919
0.960349
-1.411375
-2.970732
-1.093009
-2.197665
1.847343
1.296471
-2.219043
-2.456926
-0.553710
1.799937
-0.462708
1.262515
-2.922037
-2.683353
-1.118992
1.095509
0.218560
1.347101
-1.270044
-2.635691
-0.059693
-0.263731
0.471899
-0.794771
0.279809
0.741428
-0.821806
0.897166
1.675813
-1.613327
-2.183533
-0.644812
0.653164
0.722301
-2.278928
