-0.100127
-1.916972
1.065341
0.262069
2.288317
2.479177
0.624855
2.086039
-1.378377
0.187297
0.096337
-0.253234
-0.636508
0.967862
1.677065
1.104518
0.732309
1.968159
-1.928957
0.181881
1.361066
3.485415
3.167594
2.762026
1.319507
0.522904
-0.266870
-0.791897
3.618865
-2.397418
-0.270738
1.932255
0.326208
3.297390
-0.254591
-3.026746
-0.741508
-0.486253
1.987366
0.566596
0.378835
-0.104964
2.142209
-0.848958
-0.263983
-0.522858
-0.512087
1.292963
-0.812591
-3.113706
3.759833
1.089861
-0.313685
0.243164
0.885461
-1.406815
1.183001
-0.853721
1.446949
-2.912560
-2.593488
0.975097
-0.612535
0.245960
-0.335836
-0.983429
-0.708689
-0.259534
-1.411678
2.338840
-1.292057
-1.220994
0.693186
1.122450
-1.188065
0.289775
-1.242234
-1.496012
-1.505313
-0.843665
1.096965
2.334578
0.271125
-1.765579
1.324535
-1.023774
0.698728
-0.876808
0.833732
0.529876
-0.473462
1.259827
-1.557302
-0.539626
0.907739
0.440035
0.283810
1.877057
1.433708
0.779785
-2.031997
-0.434054
1.051706
1.291456
0.910373
-0.164447
0.551879
1.698026
-2.076537
0.404178
2.846888
0.529067
2.033907
1.023800
0.491009
4.342375
1.936795
1.561303
1.091499
-0.230300
0.645023
0.715595
0.339943
-0.629913
2.823836
0.884369
1.523098
0.458301
-0.447297
1.257717
-0.407179
-0.723771
0.740554
-2.074441
0.064203
1.813886
-2.795772
2.111305
1.116869
1.696608
2.660361
1.429331
1.939032
-0.708038
1.544765
-0.399870
0.804882
2.487776
3.357659
1.133964
2.058486
1.562817
-2.099011
-1.439421
0.428669
1.216336
1.362763
0.935737
-0.346245
1.860581
2.165937
1.415527
-1.323786
-0.613133
1.871064
-1.334657
0.685053
-0.958904
-0.334248
0.178787
1.928406
1.476015
-2.894577
2.173188
0.395029
1.052869
-0.767295
1.717848
-2.647866
2.079764
0.396389
-0.481313
1.196446
-0.974519
1.892359
0.435760
0.468105
0.069653
-0.575753
-1.660985
-1.398353
-1.754401
0.161794
-0.743902
0.260096
0.232067
-1.310706
0.816298
0.524047
0.680769
-1.064199
-2.552332
3.715618
-0.152312
1.114273
0.183385
0.916165
0.196293
-0.117915
0.538329
0.727163
-0.582510
-0.258161
0.138937
1.144223
-0.216170
-0.892569
1.881900
2.294150
-2.333753
1.145208
1.433958
-0.767234
-0.962879
-0.223686
0.018775
-0.359491
-0.245658
0.352270
-2.786524
-0.081533
-0.912541
2.146690
-2.788414
3.136175
-2.589477
3.884615
2.558669
0.332173
3.218224
3.075496
1.745032
2.531345
-2.699906
0.564427
0.873237
1.036441
2.239030
-1.982515
-0.693653
0.573646
2.226588
-1.415642
-2.117066
-1.241267
2.027135
2.401968
1.085685
1.752594
4.484927
-0.549838
-0.674184
-1.912165
-0.466017
-1.024812
-0.172112
2.358394
-1.060553
2.003430
-0.279223
-0.213723
0.320580
4.803577
0.488892
0.197725
-0.697037
2.060895
0.160885
0.624984
-1.666175
1.178646
-0.323435
0.320794
-1.611227
-0.844559
0.426733
1.353978
1.497886
1.540454
-0.230499
-1.126347
0.341863
1.352269
1.402824
-0.693510
1.499775
-1.406809
1.868080
0.640163
3.765137
0.783515
1.825638
2.055644
1.571238
1.875094
-0.501373
-0.490729
1.457083
0.141840
-2.303744
1.069161
0.574191
0.239481
0.942523
0.199326
1.690858
1.163889
0.571453
1.792662
-0.629129
0.226525
0.482373
0.551158
2.763818
0.062253
1.187814
1.479616
0.815657
1.497213
2.334610
-0.535733
1.807741
-2.021879
-0.499464
0.052218
3.490413
0.854591
0.245634
0.077906
-1.406451
2.446895
-0.367269
2.296180
-2.062186
0.854789
2.016566
-0.664130
1.518847
0.769693
0.807561
1.125225
1.147411
1.918045
1.839456
1.206747
1.118574
2.993599
0.072631
1.803157
0.802625
2.778939
0.597381
0.319730
-0.952455
-1.907504
2.703873
3.020036
-0.520408
1.723564
1.122598
-0.604943
0.284446
2.968556
-0.744741
1.585227
2.580098
2.915390
-0.279528
1.393362
-0.301755
1.800397
1.692059
2.151325
-1.714744
-0.314372
-1.542570
-1.996857
0.062401
-0.228457
0.716414
0.044426
2.350980
0.160224
2.294221
0.618146
0.045748
-2.015390
2.500056
0.988340
-0.555010
-0.423881
-0.475301
0.709576
-0.174526
2.239572
1.609204
-1.266342
1.910695
-2.854948
3.313480
-2.118174
-0.841623
-0.245393
1.472098
0.669612
2.356095
2.271948
2.049731
1.835685
1.454327
-0.087641
1.233974
1.367961
-0.594586
-0.350453
1.513121
-1.218087
-0.364816
1.968143
3.866791
-1.124397
-0.716797
2.600886
-0.273496
-0.922664
1.897449
-0.793427
1.530073
0.846390
0.603954
-1.061332
0.813710
-1.644887
1.989824
1.169018
-0.410324
0.427781
2.435568
0.441990
-0.392561
-1.495839
-1.507129
1.851151
1.329324
-1.117557
-0.919382
1.171324
-0.355774
-1.730386
-1.328877
0.603514
1.210145
0.403579
-0.255342
-1.366676
-0.011750
0.286414
-1.293244
1.576303
0.666653
-1.681412
-1.164839
2.034899
0.720559
-0.669130
4.305985
-1.138492
1.098162
0.220079
-0.417977
-2.180655
1.974974
-3.050568
-1.853042
0.601502
-0.243936
3.092136
1.016841
-0.902750
2.016688
-1.862122
1.120304
-0.494147
1.002200
-0.880730
-0.134564
-1.223654
0.551954
-1.698257
0.636003
3.456232
0.624721
2.270141
-1.553235
0.288828
-0.510505
-1.862510
3.549436
0.534915
3.428605
2.649928
-0.979154
1.713505
1.823689
0.590473
2.393389
-3.274860
4.554696
2.369366
3.803324
-0.187014
1.196698
3.222563
-1.240594
0.090827
-0.844862
2.969695
1.631204
1.560917
1.085811
-1.178510
1.636595
-0.400168
-2.023180
1.236337
-0.285960
0.585385
0.241528
1.450973
-3.925449
1.708927
-1.947669
-0.515822
-0.365008
1.715622
0.538187
1.590297
2.539031
0.284989
2.296949
1.127840
-0.453822
-0.077640
2.619594
2.518775
-0.805093
2.256966
0.737272
1.277112
2.322208
1.864942
4.297727
3.470365
0.345154
-1.206051
1.650014
-0.262452
-1.995391
-0.308924
1.382128
1.829777
1.734166
0.104656
0.402268
2.445723
1.721064
-2.030224
1.764877
-2.426400
1.161619
1.034754
1.807598
-0.517183
-1.561034
0.103707
0.354728
1.610151
1.047624
0.285035
0.511015
0.196376
3.092879
2.247732
1.133976
-0.729535
-0.386889
-0.292483
1.412288
1.211589
2.048177
1.422727
1.398969
-0.994043
1.388146
0.572421
1.001878
-0.240907
-0.695012
-0.146567
1.758102
-0.402156
-1.549552
0.976023
1.711893
3.205339
0.922360
-1.410122
-1.136180
0.488873
0.162693
-0.584119
-0.573969
0.423280
3.423637
0.881550
0.173268
1.044515
-1.427139
-1.468454
-1.115686
0.035179
-1.021802
-2.731576
0.709222
2.405441
-0.648190
1.939348
0.659836
-0.353041
-0.556209
-0.492183
1.843766
-0.110411
1.601586
0.963391
-1.499667
1.583673
0.200181
1.449315
-0.358701
-1.265626
-0.917889
2.508428
-1.332634
-2.520371
0.770978
1.672499
0.543411
0.435589
0.803753
1.604106
0.609984
0.934762
-1.330178
-0.786014
-0.140299
2.012560
-1.174700
0.780791
-2.023212
0.959659
0.124710
0.759152
-0.215352
1.977303
-0.799970
1.356935
2.258077
0.094358
3.806035
-1.205919
-0.270806
-0.162922
-2.312291
2.952017
2.092731
2.991428
-1.922968
-1.982944
2.161851
1.925390
0.556483
1.041598
0.436377
1.267430
0.389528
0.148705
-1.059101
0.157407
-0.038143
-0.775758
0.862367
-0.970396
2.277756
1.850793
-2.089449
0.522453
2.440119
-0.125173
1.010743
2.264332
-0.420485
0.094324
0.241970
2.002650
0.094234
-2.753566
-0.774258
-1.044423
1.237838
2.744457
3.225205
0.579607
-2.160424
0.327179
-2.036542
-0.974727
2.780059
0.714340
1.676747
0.676028
2.256266
-0.147693
2.191949
3.125098
-0.354582
-2.114398
2.716713
-0.676313
1.041778
0.204317
0.052696
1.790608
0.982001
1.045304
2.653527
2.627104
1.021972
-0.652658
0.882394
-1.257660
1.038472
0.714013
-0.647570
-1.769104
-0.370673
1.653459
-0.335242
1.333106
-3.473197
-1.513788
1.507668
4.279956
-0.058151
-0.072128
2.476636
2.456046
-0.312824
-0.285844
0.217148
3.065035
2.898532
-0.397355
1.685662
-1.091566
1.308015
0.955070
-0.024884
1.648193
-0.238520
3.475817
1.447898
1.066483
-1.668766
0.412842
0.421032
2.961285
0.578616
-0.855974
0.086308
0.678911
3.520603
0.085218
3.426024
2.087359
2.109426
-0.947021
1.205628
-0.340487
1.757556
-0.826741
-0.059701
0.908416
1.504600
-0.340199
-0.132238
-0.834775
-1.078843
0.018895
0.269647
-0.653743
2.088405
0.783424
2.021401
0.603002
1.613442
1.781050
3.510062
-1.249554
1.531974
2.590213
-1.046361
0.191103
-1.322128
-1.417917
-1.636189
1.027209
1.194860
1.283942
-0.430952
-1.536236
-0.295344
2.753000
-1.640781
1.424683
0.726497
-0.994289
0.418164
0.220078
5.307000
-0.670132
-0.375426
-0.807134
1.050680
-0.312057
-0.338764
-0.760219
2.606913
-1.634415
0.539167
1.660399
2.303798
0.368773
-2.705798
0.877633
1.571472
0.373579
-1.219677
0.488693
-0.819108
0.077743
-1.198661
1.157785
2.671275
1.903965
1.653510
0.973138
0.919917
3.090898
-2.090490
1.256599
-1.448976
1.600312
1.593888
0.255812
1.310499
-1.560426
1.518547
1.840390
-1.791126
4.353140
0.100694
0.500268
0.512448
-0.411679
-3.089698
0.445276
0.496308
1.975052
2.690182
0.505816
1.345297
-1.038548
-0.930237
0.061979
1.408877
-3.732119
1.849316
1.666445
0.111806
4.052299
2.567692
-0.503519
-2.038114
-0.696153
0.116547
0.656436
-0.346493
2.103415
1.588119
0.162929
3.003709
1.441570
1.832880
0.657473
0.954570
0.679219
0.565102
2.553795
-1.597955
-1.666823
0.085771
0.001294
-0.053626
0.796569
0.664753
0.398806
-1.316751
-1.629220
0.417905
0.679871
-0.317992
0.384442
0.934743
0.550593
-2.103343
0.596188
-1.048656
-1.400917
3.357988
0.031374
-0.286019
-0.369038
-1.479347
4.129453
2.082964
1.573164
0.906431
1.604134
3.119506
1.943084
-0.345141
-2.241569
-1.387763
-0.660138
1.105557
0.244918
0.307613
1.128872
0.702196
0.093372
0.372729
-0.124140
-1.781580
-0.921436
1.300166
0.868051
2.321318
1.950400
2.781075
2.831383
-0.580295
1.956293
2.104270
1.999729
-1.572099
-0.981717
-0.138238
1.130601
2.567546
-0.540723
-1.410439
0.531532
1.467996
-0.620453
-1.534598
1.488303
-0.081415
-2.016048
-0.242482
0.233037
1.657669
0.573661
2.193552
0.067095
0.899480
2.133297
0.097839
-0.418341
-0.098263
2.469694
3.304831
0.641096
1.279826
0.234070
1.065037
0.626119
1.251494
3.874700
-1.815402
-0.795487
-0.090759
-1.679948
0.869044
-0.392560
4.357881
2.670540
0.935525
-1.314573
1.471216
2.206306
-0.616827
0.694490
-0.998243
-0.556193
0.055701
-0.029287
0.054376
3.290843
0.879051
-0.214869
-1.189693
0.558470
-0.988755
-2.858492
0.000516
-1.189243
-0.591979
1.800818
-0.039425
0.847140
0.730530
0.328671
3.133342
1.380654
0.492732
1.129343
2.135038
-0.299368
2.120155
-0.144189
0.426311
4.021626
1.355109
1.234828
0.282695
-1.722806
1.590923
-1.449321
0.508662
-1.587615
-0.811267
0.146832
0.177801
0.108824
0.377542
2.172283
0.467040
1.764691
3.821584
0.338113
0.507364
2.794036
-1.473063
0.533106
3.313475
-0.556784
1.194775
-0.353378
-0.374146
0.980073
-0.886479
0.133161
1.061293
-0.881153
-0.648199
0.835482
3.465667
-1.063690
3.832784
0.349956
-0.092557
-0.496634
0.746871
0.477952
0.726222
0.976511
-1.206234
1.134769
-0.742331
-0.243585
-0.418139
0.048491
0.625390
-0.490315
0.008322
-0.546117
4.099467
1.188735
0.209144
2.107970
0.480044
1.501768
0.483691
-0.267252
0.102646
-2.318856
0.908588
-0.455484
-0.686417
-0.652646
-0.962762
0.746254
2.248420
2.159396
0.809803
2.015267
0.962878
1.540569
-0.297678
0.471972
-0.349632
-0.893886
-0.607501
1.897247
0.564769
0.085126
-0.737071
-0.180973
-0.445715
0.265957
2.167994
2.103719
0.214368
1.515863
0.993446
0.195579
0.853563
0.552679
-1.777272
0.229895
0.251292
-1.579852
0.631165
-0.159157
-1.719030
1.881295
-1.162298
-2.283896
-1.495537
1.067607
2.371227
0.675634
-0.830481
-0.130947
1.339789
-1.401256
1.418790
-0.483322
0.764897
0.246590
-0.957255
-2.002890
-2.310394
0.422070
1.038862
0.462498
0.747210
0.904109
2.435307
-0.076256
3.795143
-0.737334
1.868997
-0.585016
1.416570
-1.498538
1.387713
1.302776
2.130940
2.358112
-1.125134
1.579090
0.436717
2.562839
2.340558
-0.148351
0.424549
-3.922279
2.198336
-0.154236
-0.923764
0.056398
4.245240
-0.260813
1.097090
0.995071
2.152864
-3.058701
0.140003
-0.685463
3.533751
0.888918
1.390043
2.384234
0.656529
-0.432371
-0.928295
-0.452346
1.097474
1.414389
0.827427
-1.637023
4.154807
-1.463904
0.413841
-1.650757
1.265821
-1.060102
1.741500
2.525768
-0.385430
0.280786
-0.540302
-3.059527
1.860792
-0.201377
-1.735736
-1.526015
4.999964
0.602824
-0.533687
2.503088
1.835041
2.122792
-0.189391
-0.823487
1.366492
0.271813
0.203798
-1.798998
0.773526
-0.436761
0.522116
0.933325
0.597956
0.189823
-1.787081
0.547404
1.299842
1.448217
2.827622
2.005136
-0.547493
1.440868
3.521679
-0.112130
1.141148
0.644949
-0.226858
1.020122
2.907654
1.273891
0.403568
0.605864
0.124016
-2.235400
1.519644
0.170149
-0.026539
0.366670
0.900092
1.712953
0.255768
1.867004
1.022662
0.115698
1.680776
0.085004
-2.430770
0.400959
3.827743
1.870955
-2.619790
0.566092
0.953305
-2.823431
-1.700166
2.432105
-0.088289
2.257825
-0.117961
-1.119444
-1.026882
0.699696
2.269103
3.283276
2.358247
1.795584
-0.088417
3.421993
1.489252
-2.173453
0.470391
-0.797190
0.655960
-1.227752
-0.567857
2.270565
-0.650859
-0.812503
0.303489
-2.290303
1.868534
2.193961
-1.244648
-2.565397
1.744128
1.924791
1.742632
-1.000609
6.086458
0.774256
-1.599685
0.458417
2.750700
-0.569907
-1.823694
0.443445
2.993877
-0.201019
3.528319
-2.540408
-1.992203
-1.494240
0.831004
0.201252
1.492900
1.751885
-0.582768
-0.193290
0.102416
2.536539
1.309557
0.770469
-0.537597
1.397860
-4.029347
-2.487556
-1.513525
3.181637
-0.445547
2.016663
2.529788
0.771900
-0.915105
-2.619666
1.740211
3.975591
0.011839
0.074965
1.338034
-0.296141
-0.532536
2.823157
0.025972
1.146376
0.345124
-2.672642
1.058807
0.591050
-0.479682
1.093836
0.122559
-0.720675
-0.448625
1.147956
0.452046
0.410386
1.316543
-0.580888
3.772517
-1.479519
1.637019
-0.982017
-0.033516
0.111884
3.945072
2.224074
0.835689
0.281060
2.123252
0.286404
-2.943658
-0.134454
-0.622790
2.229332
0.560582
0.553745
3.131023
-0.850675
1.896276
1.460646
1.343703
0.003733
2.346017
1.822185
1.812270
1.723386
-1.162700
-0.795175
1.333050
1.042567
-2.760098
1.882498
0.188385
2.362701
-1.054587
2.153713
0.047445
0.772868
2.201037
1.008012
2.112939
-0.265617
-3.341237
-1.903520
-1.879097
0.847132
-0.994338
0.691854
3.215691
-0.023653
0.296233
-0.219286
-2.119885
-2.128015
-2.179980
-0.827044
3.229419
-1.881858
2.405316
2.653451
0.371189
1.513930
0.399767
2.660200
0.312965
0.406118
-1.013345
1.276197
-0.140795
2.536771
0.011782
0.159838
-0.258959
2.018615
3.381249
0.446275
0.105945
0.833651
0.942998
-1.708851
1.002625
0.740630
2.121234
1.295227
1.432930
0.468937
-3.639241
0.873125
-0.834694
1.333128
1.455838
0.858847
2.872649
0.743351
-1.006442
-1.339788
1.424384
-0.375422
1.690968
-0.743757
1.152902
-2.073023
3.440597
1.013994
-0.114147
0.042162
0.767143
0.763081
-1.214054
0.556165
0.412281
1.344123
0.646849
-0.320665
0.330717
2.817971
1.413072
-0.896321
0.917679
0.994243
1.148219
-0.442114
-0.113925
2.521359
-0.110968
0.468616
0.314859
0.717229
3.798969
-1.088117
-1.796996
1.383993
0.469686
2.827438
1.946458
-0.069893
2.644595
-1.152991
1.434451
-0.828467
0.663552
-1.261128
0.272598
-0.262207
0.278706
-1.352385
1.869190
-1.073243
0.926548
1.416855
1.297691
0.840347
1.020374
1.368357
1.887853
1.355727
-0.409759
1.058873
1.332098
1.897418
-1.612647
2.026245
-0.558169
2.148598
0.122930
3.492014
2.123902
0.425776
0.906265
1.320956
-1.338913
1.913692
-2.395449
3.219748
0.545132
-3.500523
-2.044638
-0.205205
-1.677572
-3.734964
0.599430
0.984555
-2.087548
0.467169
2.722791
0.836965
-2.249510
1.306992
0.852668
0.706575
1.688286
-0.936992
1.212536
2.522091
-0.322628
-1.413385
-1.263162
2.802892
-0.069460
-1.595859
2.164571
4.641507
1.052833
0.896597
0.016430
-1.092207
0.295546
2.292974
0.681808
0.211769
2.536318
2.290257
-0.157310
-0.368545
-0.310015
-1.440709
0.122883
-0.708907
1.607952
-2.681259
0.755192
-0.121499
-2.294468
-0.281171
-0.705175
-2.042855
-0.303199
0.995082
0.827651
2.081794
-0.328984
0.081882
-0.118687
1.259437
-0.564433
2.542616
0.691953
-1.752241
1.262623
2.529020
-1.686170
-1.010487
0.276802
-2.445919
-0.439454
-1.179323
2.432398
-0.786414
1.078668
0.464846
0.989498
0.240622
1.677157
-1.617737
3.561425
-0.757615
0.629166
-0.191961
1.330046
1.810810
-0.533048
-0.357339
1.326922
3.012879
1.131363
-1.084541
1.675742
-0.107663
-0.125370
1.524736
-0.113163
0.231474
1.491223
1.758711
-0.485937
-0.113607
1.491511
-0.185698
-1.340398
-0.173556
2.321055
-0.770611
1.156103
2.156502
-0.529300
1.477845
-2.012254
0.242709
0.959191
0.795811
0.695901
0.412339
-0.544519
-1.391633
-0.287002
2.384276
1.104398
-1.728493
0.972222
2.002968
0.709798
-0.473149
-2.465643
1.018590
0.902008
0.694043
-1.398981
-1.770487
1.491547
0.550331
2.688871
2.745676
1.086628
2.863362
0.814072
1.418937
1.243101
2.122787
0.289476
3.151055
1.396677
-1.279781
1.062683
-0.544353
2.250497
-0.026330
1.406993
-2.498056
2.249210
0.690722
0.520057
-2.421245
1.284662
-1.123866
0.246339
-2.066803
0.528513
0.206405
3.162674
2.106145
1.581705
1.468351
-0.428078
-0.921461
-2.321080
-0.614099
-1.021697
2.052575
-0.896399
-0.715342
-1.932715
1.784735
1.102334
-1.413437
0.178603
0.527353
0.993849
-0.725530
2.905543
2.348047
1.288357
0.936135
0.302420
0.487758
-1.318617
2.921097
-3.085907
1.626529
-1.206965
0.252198
0.668784
-0.499057
0.077175
3.952562
2.000489
2.461220
0.542186
0.845084
2.881025
2.440622
-0.973625
0.245114
-1.701116
-0.816133
0.880844
4.717512
2.190583
1.329304
0.689499
-1.321086
0.600491
0.660518
0.250955
0.312525
0.417504
0.889780
-0.205250
0.473772
0.971979
-0.771825
0.326599
-0.287482
1.736425
0.044896
0.252214
-1.157074
2.725215
0.590576
1.001210
2.274409
1.697096
-0.442526
-0.823231
0.525257
3.968645
3.811335
-1.351315
1.778185
-0.166622
1.639874
2.541579
1.661367
-2.219347
0.994109
-0.050496
-0.406514
3.783886
2.650872
-0.900331
1.593091
-1.311689
1.945871
-0.119763
1.035969
2.626570
-2.339914
0.606665
-0.018364
3.747763
3.301398
0.165105
-2.912466
3.072782
-0.514189
0.006213
-0.741946
0.225204
-0.858178
-0.330383
-1.107668
1.594828
-1.200833
-2.127590
2.950474
2.222729
-0.804408
1.796496
2.116775
0.593724
-2.986959
1.162465
1.584728
0.983149
1.199606
-3.477974
-1.735220
-2.778139
1.114949
2.435537
0.590852
-2.126329
1.514231
1.570922
-1.955682
0.570179
0.131190
-4.184404
1.069283
-0.934173
0.831565
0.805408
2.438075
-0.946658
1.295714
0.334655
0.973630
2.470923
-1.185398
1.143306
-0.217386
4.624952
0.242960
0.508182
4.417246
-0.075017
-0.649141
0.089899
2.286218
-1.409880
1.100202
0.495515
-0.904576
0.202329
1.036332
1.962784
0.832843
3.218640
-1.250837
-0.505021
1.763324
1.879426
-0.154814
-1.826011
-0.496412
1.328056
2.905435
0.350637
0.716742
-2.011163
-0.151000
-2.697367
1.912263
3.506171
-0.926679
-0.283496
0.233338
-2.174684
-0.848543
-0.108583
-1.855501
0.274775
-0.212339
0.604012
-0.379558
0.065691
-0.868944
2.873483
1.610853
-0.636560
-0.411733
-0.857319
-1.325619
1.102845
0.594081
0.511939
2.509589
1.948614
1.093657
2.596651
3.903635
1.815752
1.687675
-1.218807
-0.397567
0.569020
-1.479515
1.281399
0.403239
2.552607
2.089597
-0.245229
1.238293
-0.374337
0.730654
3.121901
-2.044589
2.406576
0.143128
0.888396
-1.381410
-0.116693
1.129568
0.895642
-0.193436
-0.191846
0.339806
1.058385
0.764877
1.864161
0.529739
-0.810635
-1.711048
1.495144
2.200047
-0.008998
0.907877
3.253808
1.711156
1.854962
-1.336968
-1.067594
-3.286501
-0.228391
2.078495
-1.203144
0.560674
-1.785460
2.931863
-0.493357
0.866057
0.049652
-0.696383
-1.534347
1.913329
0.059554
-0.568548
2.524462
-0.505886
1.354515
0.128843
1.794241
-0.460578
2.353011
0.825728
3.757985
-1.200685
-0.993020
-2.948363
1.196694
-0.382458
0.371834
-1.517573
-2.394325
-2.282644
0.673528
-0.053806
0.140312
-0.500276
-0.800221
0.038589
-0.428246
3.861781
-0.737489
-1.716229
1.105401
0.993840
0.063488
3.081068
-1.663677
2.974401
-0.409234
-1.415180
0.379396
-0.253491
1.927491
-0.515428
-0.962562
1.184149
-1.439687
0.036575
0.886553
2.077102
2.080359
1.381088
3.045637
1.218812
-2.900888
3.159100
1.089747
-0.274851
-2.137995
2.470870
1.234957
-0.803535
0.494031
1.965821
-2.065638
3.402354
1.324865
-1.389853
0.358878
0.544815
1.670655
0.243668
1.337248
0.024668
1.395159
2.448573
-1.366824
-0.890618
1.124268
-1.447293
2.783783
2.152884
-1.696228
-2.148715
0.955336
0.263729
0.469688
-1.344830
0.309651
-1.297802
-1.151091
0.711919
-0.628249
-2.611544
-1.663602
2.102079
-0.797934
-0.356609
0.254225
-0.426424
1.147978
3.779697
-1.703669
-0.283985
2.820366
1.403610
-1.752686
-0.213100
-0.512784
2.388654
0.963969
-0.306677
3.350463
0.487270
2.689386
1.348836
-0.511875
-2.988094
0.387189
5.002806
0.877175
2.777450
-1.978973
0.815699
-0.577833
-0.817669
1.495879
3.078130
1.103630
0.452360
-0.684229
0.825538
0.419625
1.024604
3.687898
0.041341
-0.700715
1.202775
-0.223390
3.338105
0.675218
1.965408
-0.124385
-1.246422
0.776404
2.367095
0.433989
1.259873
4.151290
-0.229721
-0.477084
0.393425
0.868186
0.042736
0.903347
0.248111
0.158833
0.062315
2.541350
-1.146758
-2.940545
0.936134
-0.054538
-0.274121
1.129381
0.310127
0.719690
-0.590453
-1.819347
0.282995
-0.042360
-0.250502
0.879606
0.689259
2.036140
0.366231
-0.132797
3.160550
0.359985
0.099907
-0.266146
0.284228
1.302742
-0.130114
1.042206
-1.611526
-0.193136
-0.899936
0.104879
-0.264842
-0.102279
-1.494828
0.412530
0.113892
1.895772
2.715090
-0.702187
2.051198
-2.502115
3.026585
0.925279
-0.842177
1.596809
-1.561092
1.552635
0.095099
-1.093519
0.747446
0.431510
2.283515
1.710384
-0.390356
-0.179614
1.497625
1.283736
-1.705223
0.935851
1.738930
-1.514269
1.347653
2.200922
4.043384
0.671603
0.454484
2.894604
-1.435411
1.866912
0.604338
1.850169
0.731797
0.660387
-0.637139
1.422321
-0.813298
0.825121
0.004300
-0.200465
2.599818
0.013607
1.779172
2.049122
0.767931
-1.367950
0.915807
-1.083356
-1.840018
0.420454
2.469272
0.490241
0.902443
2.597589
-1.761976
-1.177838
-0.866133
0.165747
0.686503
0.504524
-0.920893
2.189029
-0.875695
-0.139293
-1.096789
1.017900
1.491147
0.766112
-0.182387
0.742453
0.893115
1.790627
0.889889
-0.426184
0.421824
-2.357182
0.825487
-1.638273
1.596534
1.448538
-1.312675
-0.336732
-0.265194
0.852337
-2.325803
0.031488
1.575220
3.107727
-1.593287
1.183968
0.456662
-0.485332
0.632650
1.053356
0.682196
0.139162
-1.073098
-2.348481
-0.772852
0.300333
-0.250564
1.947540
0.421686
-0.773449
2.603541
0.390410
3.346831
0.549978
-0.592499
0.223366
0.144317
1.459122
-2.544405
-0.451422
-0.197115
-0.599209
5.062155
-0.797306
-0.705050
1.441426
-0.560115
1.822415
0.752314
0.984696
1.831299
2.584039
0.617333
-2.314833
-1.590494
1.013126
0.287854
-0.366920
-2.826036
1.403268
-1.186391
1.055044
1.440028
-1.720399
0.043358
-0.365705
1.168589
0.789216
1.822497
1.413556
-0.716792
-1.184809
2.297156
0.638925
-0.545120
1.582089
1.148382
1.789918
2.341841
-1.410997
0.407389
1.367828
3.480488
1.621531
-1.704428
-1.366800
0.364527
-0.434103
0.686804
2.101439
-0.054668
0.276040
-1.739829
-2.003808
-0.897022
0.134913
-3.008489
-0.948091
2.103527
-0.482803
2.075883
1.190530
0.462213
-0.181810
-0.492276
-0.142387
-2.177621
-0.030436
1.154525
0.740292
0.035131
1.850865
1.379053
1.736043
0.821921
0.890841
1.751709
3.033378
0.729647
-0.813745
0.617827
0.624274
0.851343
0.890701
1.089899
1.149447
0.652175
1.883688
-0.386222
-0.286646
-3.303529
-1.114291
-1.707187
-0.143092
-1.744159
-0.958345
4.616212
1.108813
3.073060
0.298815
-1.030857
-0.989173
3.080186
1.658928
2.314218
1.912944
2.143576
0.147349
-0.315921
-1.069107
0.670470
-0.747303
-0.916030
0.284713
0.109880
1.410396
2.917504
2.375786
0.413437
-1.187764
1.060889
-0.284627
-0.365670
0.276511
3.355194
-0.338681
0.632293
2.945055
1.852923
2.002424
2.726153
-0.774531
1.251221
1.724272
-1.729147
1.304694
-2.428847
1.625855
0.984824
-0.676071
1.674175
0.920283
0.862151
-0.470907
-0.252597
1.308252
1.181254
1.823948
-0.193358
0.217689
-0.636101
1.749695
0.495975
0.945353
1.359569
4.291248
-2.679220
-0.191540
0.009014
-0.132812
-0.553826
0.011568
0.226152
-2.184676
-0.482445
1.441665
-0.458863
-1.162217
1.206632
0.604722
-0.512088
0.378324
2.077109
0.736786
1.819767
3.397918
1.862095
-0.028807
-1.002038
0.175846
0.700176
0.509851
-0.083186
2.275367
1.773988
1.566261
0.103617
-0.834422
0.093400
0.224623
-1.174092
-0.797383
1.919473
2.663917
1.231678
1.857704
0.717372
0.406652
-1.280623
0.132460
-0.988240
-0.467899
1.218741
0.397471
1.024225
-0.762822
0.303502
2.947964
0.462055
-0.751233
0.887924
2.279742
3.022218
0.186517
1.486948
1.098598
0.546289
-0.798236
3.274694
-1.851135
1.389344
-1.504444
1.588383
0.373867
1.475541
-0.321638
1.600302
-0.916518
-1.320453
2.366822
0.215088
-0.254103
-0.190643
0.831100
0.720133
0.127387
0.743109
-1.433688
-1.361421
0.457744
-0.379681
0.961935
0.316023
0.727529
-1.414299
-1.126295
0.801641
2.146852
-2.638181
0.737057
0.900279
2.152039
0.737435
1.421089
4.703849
1.159038
-1.515061
0.507608
0.498999
-0.032343
2.608167
-1.016224
0.441788
1.573341
-1.251884
1.393532
1.110826
1.663745
1.283969
0.264530
0.211541
4.589699
-2.029434
0.596570
0.630616
0.884994
1.154858
-3.374586
1.942886
0.592366
-0.193613
-1.595835
2.182351
4.415439
0.432595
-1.672440
1.198411
-0.011093
2.762696
0.845886
1.616314
1.533628
-0.746017
2.519021
0.964810
-0.584735
2.017323
0.277335
2.920972
-2.292973
1.631441
-1.471244
-0.098114
2.311084
2.096885
-0.192399
1.055715
3.077101
1.850964
1.984353
1.580819
-1.631883
0.733786
-1.918564
2.454183
0.791749
-1.278815
-0.293701
2.570718
2.394966
-0.222544
2.031717
1.776525
1.600855
-0.907578
-2.740742
2.375670
0.973396
0.874783
-0.270550
1.741353
0.513107
1.924186
0.958296
1.660504
-0.106409
2.056094
-1.853010
-0.656566
0.833073
1.441761
1.284670
2.749236
1.452631
3.457892
-2.264104
-1.769634
0.666688
1.858021
3.860955
0.943238
-0.504306
0.252661
-2.947550
-2.487651
0.089957
0.744990
1.255771
-0.632044
-1.935215
0.558731
1.627354
-1.999574
1.367171
-0.240475
-1.589594
2.878132
1.555340
0.991347
-0.080293
1.024713
-0.965067
-0.109505
3.640613
-1.524764
1.469634
0.799766
-1.825405
0.462756
2.659894
0.780474
-0.388524
-2.165058
1.222312
-1.280029
0.056706
-0.574448
-0.673030
0.395741
0.758216
1.118371
2.514360
0.448040
2.189106
1.376553
0.020029
0.592349
0.469797
-0.213085
0.164887
2.885400
-1.504467
0.175698
-1.019348
0.135378
0.139349
2.726712
-2.758841
5.373660
-1.091521
4.978020
0.778116
2.012276
-1.646260
2.912144
2.047973
-3.043660
1.127638
-0.853943
1.052655
0.769297
0.080637
-0.364455
0.965643
-0.500830
-0.497441
-1.450071
-0.271927
-0.077534
-2.014601
0.260279
0.981427
-1.124586
2.388881
1.530092
1.062194
2.819707
1.630637
0.492044
-0.204150
-0.433700
-1.216305
-0.921114
-0.323221
0.989478
0.308688
2.547136
0.431317
0.805237
-0.491651
0.434893
3.867971
1.940747
0.260532
1.045892
1.852622
3.710693
-0.208940
-1.101347
0.698957
0.623291
0.576785
1.798761
-1.679818
0.416027
-3.483879
-2.592729
-0.955432
1.483684
-3.226117
1.583153
2.717646
1.617337
2.060782
0.417123
-0.231428
1.898827
-1.288873
-0.087025
1.296326
1.940687
-0.222965
1.665597
0.210240
1.103718
1.445981
1.159490
-1.015004
-1.806887
0.838650
-1.556455
-0.261364
2.061712
0.013189
-1.042600
0.338855
0.826173
-1.167033
0.670191
-0.099342
1.575575
-0.326010
-3.043938
0.346348
1.712132
1.870478
0.325310
2.427029
0.557992
-1.482246
-1.032784
-0.332506
-0.608668
2.175838
0.982166
0.963540
1.902527
-0.506262
-0.063801
-0.627662
1.725357
-0.335738
0.877784
0.433443
-0.431398
0.066741
2.836562
0.292300
0.590150
4.073663
-1.554357
0.888754
4.102263
0.242940
-0.661300
0.414662
0.691779
0.810511
1.962560
0.007731
-0.163686
2.157000
3.915387
1.883157
-0.414078
-1.655677
1.827704
0.831193
1.851905
0.769517
2.620176
-0.606647
-0.967776
1.012774
1.571096
1.708255
-1.341316
-1.559998
-1.474769
1.283769
-1.000698
0.377514
1.394875
-0.881002
2.231565
1.200242
2.877756
0.384143
0.177322
4.335654
1.175960
0.635457
1.196908
-0.765361
0.980777
-0.303606
1.845832
2.209239
2.285851
0.754296
5.131963
1.180138
-0.243805
0.323026
1.823324
-0.565106
1.637266
0.599732
-0.514196
-1.984856
1.724363
0.407571
0.373979
0.700711
-1.676878
0.990736
0.373310
0.854444
1.164068
1.787753
-0.204220
0.963202
0.226798
1.197943
2.621607
-2.545415
0.513099
0.239217
-0.526533
1.238428
2.482426
4.567601
0.541307
-2.875341
-1.462665
0.776599
-0.656292
-2.095874
0.038070
1.747384
3.247288
-1.112517
-0.827306
0.773692
0.811251
-0.935281
1.690003
1.998764
-0.739628
0.741775
-0.390366
-1.315423
0.015077
-1.813727
0.438011
0.906883
1.259869
-0.303694
2.123556
0.840338
-0.062443
-0.262261
-1.421472
2.011142
1.286045
-0.769840
1.042676
0.530368
0.222445
3.357514
0.409614
0.319240
-1.349515
1.552592
0.005753
0.238275
3.059313
1.785749
0.922092
0.100704
-1.056054
2.782871
-0.493057
-0.106918
0.513070
0.840333
2.672856
-1.780956
2.911799
-0.541483
2.197940
2.166286
3.149377
-1.515625
-0.030365
-0.285203
2.109389
2.038465
1.235019
0.792056
2.075715
0.299403
1.730243
0.314977
1.185031
-1.043849
1.579595
3.480318
1.180800
1.460152
3.054659
-0.597631
0.891194
-0.586941
-0.728742
2.985761
-0.562598
0.040784
2.807238
4.556359
2.356913
0.030634
2.596066
3.095008
-1.801455
0.725883
0.125325
0.160506
0.360759
-0.643104
-0.209458
2.183044
-2.279511
1.991025
-0.745404
-0.028799
0.395593
0.592442
1.419109
0.884880
-1.093637
0.613363
-0.343597
0.581148
1.356247
-0.479636
-0.867316
0.369302
1.846740
-0.764571
-0.210847
-0.045393
-1.948056
-0.666452
0.750633
-0.624429
1.817624
-0.276139
2.289155
0.078064
2.027143
0.107431
1.582441
0.494620
1.261203
-0.471173
-1.310775
1.436669
0.173098
-0.561717
-2.268131
-0.469558
3.321682
-1.590175
-3.268169
0.439487
-0.542009
0.522807
2.039229
-2.119045
2.248458
1.525283
3.533911
3.086154
-1.228310
-0.761963
0.616475
0.918142
0.888876
1.455557
1.564035
-0.207296
-1.524100
0.359297
-2.091835
-2.984326
-0.426573
1.206858
0.482499
1.544670
2.061739
-1.939718
-3.589183
-2.546032
-0.151641
0.829851
0.350239
1.818984
-1.928075
0.709143
-0.594322
1.803862
3.465515
2.499279
0.459944
0.378125
-1.132636
1.119983
-0.549338
-0.604832
-1.475686
1.355508
-0.850988
-0.952808
0.493877
-1.630004
2.008623
-1.467432
-0.804838
0.613643
-0.050638
0.771002
2.065869
0.751244
0.424155
-0.529665
0.763106
2.763755
1.637650
0.459095
1.678477
-0.724718
-0.926085
-1.505246
-1.343209
-2.108086
1.824062
-2.041118
0.114538
0.018962
0.408145
1.961271
0.139241
1.726211
-0.443821
0.725763
-0.921546
1.124848
-0.572928
0.901287
0.921641
0.525316
2.595942
0.811223
0.904529
-0.559450
-0.851994
-0.205537
1.560247
0.132754
-0.083757
-1.233443
1.379690
0.653491
1.553685
1.803396
0.789016
-0.728477
1.055704
-1.362096
0.103122
-1.485895
1.059583
0.876481
2.015537
-3.167861
-3.078584
-0.301571
-0.003222
-0.838001
4.488611
-0.575945
-0.372680
0.112686
0.342186
-0.448351
1.257843
-0.232603
0.798380
0.232148
1.348787
0.510010
-0.223279
-0.049352
3.087782
0.410255
-1.046607
2.076115
1.667237
-0.763319
3.103832
1.746081
1.146082
0.589140
0.088140
3.171562
1.637358
1.721918
2.345120
-0.767650
0.483779
1.078842
-0.667458
1.978590
1.284975
-3.064228
0.545718
2.208791
-1.124793
0.449980
1.864967
1.177527
2.029435
1.905983
2.563303
1.659390
-1.972034
0.738850
-0.168327
-2.236700
3.388834
0.912139
-0.819009
0.628760
3.856616
-1.638776
0.100481
1.908432
0.379163
-0.583785
1.100411
4.537699
2.634892
1.779126
0.591415
3.241725
1.288917
-1.220282
1.292498
1.722454
1.020200
1.970351
-1.082474
-0.172889
-0.174550
3.326527
-0.455373
-2.499690
0.438750
2.518283
2.222856
0.100129
-0.552966
0.286734
3.829621
-1.976834
-0.934271
-0.253284
1.692162
0.162609
2.354829
0.818467
-2.580458
0.468249
-0.465394
0.028545
1.412735
0.268486
1.343878
2.046365
2.261326
2.880479
1.069059
-1.818706
2.551963
-1.140544
0.287190
-0.584564
-1.131466
1.946493
1.709446
0.286674
-1.127834
1.285753
1.780566
2.520975
1.985099
1.325362
-0.890677
-1.128921
0.284760
0.054959
3.261229
-0.370085
1.245366
0.226241
0.839301
2.025709
1.072229
-1.212793
3.847875
-3.059641
4.970765
2.815461
1.177676
1.156179
2.559984
1.163518
-0.339721
2.072472
2.778352
2.069592
-1.840925
-0.797961
-1.256885
1.486261
0.383521
0.480335
1.730345
1.090401
1.026383
2.403461
3.083250
0.089852
0.482515
0.641699
-1.029780
1.175670
-0.841245
-1.583511
-1.179464
2.189818
-0.801198
0.908043
1.017007
1.551801
1.658111
-1.306738
3.126384
2.961579
-0.325986
-1.495921
0.640159
1.341221
0.831052
1.281831
0.085841
-0.405545
1.739984
0.971343
0.989304
-1.312777
0.897103
-0.172737
-0.059733
2.102847
1.392010
-1.501239
2.500263
-1.778906
1.376130
-0.900756
0.653917
1.527213
-0.004861
1.438326
0.125286
0.437236
1.131304
1.067808
1.609776
2.141828
-0.776098
-1.270196
3.805073
1.562249
2.195718
2.207375
1.163844
2.252613
-0.981509
-0.868533
-1.757124
-0.246677
-1.808081
-2.025595
0.945940
0.461102
2.298575
0.567878
1.230630
0.051665
2.338701
0.422908
0.552093
2.877680
-2.847517
2.858272
0.226446
-0.232409
1.404679
0.276186
-1.205015
-3.053683
-1.245414
-0.015859
-2.031137
-1.335065
2.021004
1.213125
1.028700
1.942866
0.559055
2.009555
-0.520696
-1.214250
0.629554
-2.113392
-0.152065
-0.385712
1.223536
-0.441337
2.571433
-0.372572
-0.780844
0.724088
-4.025033
-0.772313
3.132687
-0.801952
0.611255
2.143365
0.648608
-0.288758
-0.569124
-0.328840
0.170020
0.918521
2.780725
3.114022
-0.619506
-1.432124
1.298529
-0.278644
-1.441269
3.543745
0.034165
1.244428
1.920777
-0.054859
0.616335
-0.251963
-1.840090
0.536269
-1.099487
1.611824
2.593646
0.723342
-1.007421
2.892937
-0.029891
3.359238
-1.460206
-0.054589
1.091613
-1.228094
3.559329
3.266003
0.428374
2.003327
-1.081537
-0.220265
1.542864
2.487569
-1.690748
-0.580455
0.713252
-0.392751
2.688751
1.479712
-0.287833
1.225151
2.826672
0.957133
-2.189867
0.221421
-0.249981
3.298506
-3.796402
1.799780
-0.788642
-1.890903
0.820851
0.825114
0.685695
0.354915
-2.551592
0.053069
0.345751
-0.974294
0.855956
-3.001560
1.362350
-2.622232
2.312672
-0.869191
-0.882488
-1.659385
1.922036
0.174143
0.157376
0.854837
2.615192
1.516367
0.232095
0.818215
-1.978608
0.273980
1.555925
1.489250
-1.350747
3.280573
2.225386
-1.055303
2.578167
0.556306
1.157507
1.890640
1.805271
-0.450396
2.131705
-1.710056
-0.152482
0.470430
2.181546
2.753037
-0.160582
0.095943
1.741892
0.475825
-0.638904
-0.759918
-0.273298
2.027882
1.379287
1.443827
0.963277
1.932511
0.367542
3.273770
1.607127
-0.576440
-2.646303
0.888766
-0.062181
0.779515
-1.742150
0.479761
2.036034
2.039640
1.299060
0.551719
3.110979
3.028559
-0.963886
0.533036
3.568507
-2.212355
1.190369
2.378061
1.338038
2.862232
-0.183398
2.001646
2.101972
-0.315901
-3.650159
1.184829
2.774946
1.372900
-0.969012
0.675239
2.737907
-0.151161
-0.012860
-0.420004
-2.452154
1.154817
0.438952
2.225075
0.843791
1.065490
0.696751
0.925507
-0.889690
0.750611
-0.663469
0.843272
1.288962
-1.302267
-0.265379
-2.088958
1.642002
-0.144256
-0.940932
0.444216
-2.677191
0.562696
-0.353898
0.531635
-0.818796
-0.109354
1.695052
0.263626
1.258675
0.660323
-0.493969
-0.023888
2.845780
1.328998
-1.240633
1.629615
-1.781486
2.962442
0.646279
1.068762
0.404160
1.949500
2.369392
1.127845
-0.066298
2.865647
2.696158
1.574248
-1.530143
2.718109
0.090419
-0.610985
-0.411232
-2.472046
3.592466
-0.380346
-0.723207
-0.075059
0.564153
3.497566
-0.490739
0.928618
0.767957
-0.111710
-0.166048
0.320626
-0.357221
2.926424
-0.042780
1.785489
3.019689
0.460290
-4.179178
3.161552
1.192140
0.621450
-1.596798
0.139981
0.279222
0.046094
-0.318780
1.236511
1.075777
0.519754
0.688451
0.129802
2.209961
-0.515864
1.219698
1.282167
1.923520
-3.103103
1.219385
0.466021
0.015088
4.064078
0.507615
1.763112
-0.114917
1.286979
-2.478507
1.463835
-1.974186
-0.609721
2.028259
2.988277
-0.166378
-0.510321
1.361258
-0.576228
-0.623731
1.770031
-0.653102
1.582172
0.875312
1.913914
0.349920
-0.486422
2.396805
2.797781
1.518660
1.717328
0.169921
1.638626
-0.970633
-0.634330
-1.250280
0.357972
2.985355
1.759425
1.099968
-0.718639
-0.457825
0.492633
2.994005
3.417264
0.466601
0.450364
-1.805684
1.787114
3.383325
0.058783
0.609817
0.726088
2.643243
0.275756
0.996655
0.372933
0.399209
0.108864
-1.659887
0.320209
2.402142
-0.860254
0.657241
0.509142
1.142572
1.461341
-0.748481
0.537223
0.787457
-2.897759
0.636124
0.519874
2.126986
0.790072
3.091715
-1.676463
0.998330
1.197004
0.164222
-2.440899
1.404891
1.276870
3.813565
1.752947
3.735789
1.410276
0.616227
1.635475
-0.340123
-1.086792
-0.053592
-0.379825
2.083856
-2.903667
3.506057
0.345270
1.744236
0.436985
-2.509621
0.375234
1.514611
2.484706
2.775969
2.765515
-1.098452
0.172159
-0.086416
-0.163744
-0.652189
0.921869
1.879408
1.022001
-1.031213
-0.487260
-1.646400
-0.994883
1.938866
-0.687895
0.609194
-1.785204
-0.159146
-0.402252
1.435134
1.126412
-0.103383
-1.040960
-0.679159
-2.101542
-0.414405
1.925143
0.311792
-0.314892
2.746036
-1.681348
0.751738
0.785533
0.402162
2.042672
-0.781429
1.711759
-2.101692
0.607114
0.109673
0.114324
0.003673
3.771691
-0.253911
-0.137067
-0.085516
1.059138
0.475517
1.173654
0.718158
4.845500
3.734445
-1.963012
0.271036
1.097003
1.568885
-0.053267
0.251503
2.543259
2.911173
0.064030
0.536858
-2.772042
3.059022
0.227670
-0.308274
2.281838
-1.202021
0.967251
0.797128
-0.929129
2.194296
0.737039
2.061944
0.219449
1.570231
0.184347
1.933779
-1.457879
-2.459691
-0.724663
-2.220265
0.671831
1.911842
0.436739
0.434180
0.463736
-0.162417
2.232564
2.094549
1.384076
-0.405919
-0.979108
-0.545523
-0.950622
0.452642
1.500802
-2.168757
-1.119386
0.688976
-1.166150
-0.719287
-0.471998
-0.275278
1.068186
2.064220
0.695157
0.904557
-0.036196
0.503264
0.395479
-0.654923
0.956715
3.508381
-0.483073
0.550614
2.461606
1.195603
-0.052179
-1.581517
-0.098701
0.027294
0.670827
0.048817
0.015797
-1.930895
2.800946
-0.760800
-1.829561
-2.193988
2.782578
2.279139
0.519426
2.613549
0.758182
2.252322
2.836604
2.281811
0.766945
0.179305
0.547715
0.489846
0.985123
-1.141427
1.265392
-1.598567
-0.098078
-0.115953
-0.148165
-2.464109
0.013718
-0.213249
0.256098
0.246814
4.060658
1.128616
1.486733
-1.343248
2.948931
0.554700
-0.065391
1.199058
2.111138
-1.903090
2.717830
-1.888981
0.576891
-2.667683
4.210011
-0.792471
0.082781
1.475409
1.509475
2.418671
1.130814
-0.056232
1.860384
2.245233
2.079301
-0.537296
1.371237
0.235108
-0.133779
0.538290
1.045062
1.479322
1.328217
-0.348308
-0.224469
1.662397
-0.406151
-1.550848
-0.529876
-0.403006
2.040686
-0.526541
-0.300593
0.248675
1.143290
1.039696
-0.157099
-1.752786
0.548856
1.118078
0.099351
-0.745758
-2.034933
1.435233
0.958748
0.442288
-0.585514
0.768912
-0.398805
3.152605
-0.664168
3.823364
1.257161
4.413933
2.785934
1.145995
1.002341
0.228290
0.994133
1.576734
-0.878686
-1.081535
2.301115
-0.572777
0.197969
2.388212
0.133330
3.228965
-1.488326
-2.225426
4.334240
-0.198244
-1.688250
1.453978
-1.500294
3.342355
-1.727201
2.474432
1.852247
-2.016991
0.000171
1.977812
1.631860
0.714523
1.896349
0.024190
-2.021695
0.638089
-1.121357
2.787416
0.277646
-0.078302
1.606118
0.674660
1.393201
2.429973
0.591891
0.093916
-0.111333
3.048220
3.322304
0.499686
-0.497241
-1.709703
0.903736
-0.359292
1.820487
-0.409998
3.763086
-1.175117
1.819981
2.045301
-0.007670
0.828561
1.156540
-2.267095
-0.200000
-0.156313
-0.441782
-1.239130
-0.067494
3.113879
0.044689
1.958033
2.556582
0.089959
5.119623
-0.380030
-2.433904
1.398212
-0.946063
-0.128612
1.439717
-0.905261
-0.208378
2.521117
-0.360041
1.450787
-0.092356
1.185649
1.440196
-0.361014
2.390856
-2.543774
3.687659
-0.914158
3.203886
2.239436
-0.861588
-0.268883
-0.959833
2.238677
-2.561055
0.900591
3.879827
1.124357
-1.088566
-1.347984
0.457654
-1.355603
0.091985
-0.216486
-1.688028
1.923558
2.759343
0.568788
-0.012228
0.936512
-0.154994
0.214603
0.647539
-0.615500
-0.706408
1.651304
-1.363703
0.064763
-0.570973
-1.291124
-2.391726
0.740169
1.788919
1.320389
-0.335652
1.611885
2.879675
1.424506
-0.196642
0.558431
3.004570
0.756096
-0.702951
3.000396
2.571665
-1.113235
-0.987077
-0.275254
1.423592
-0.024408
0.954768
-0.095711
1.012961
0.040753
-0.145579
-0.445817
-2.284847
1.814426
0.091888
0.680332
0.084101
2.158417
0.591336
0.010590
0.657841
-0.474638
-1.592006
2.589282
-0.714937
-1.641157
1.562010
3.998883
-0.247649
0.874698
0.452567
-0.130460
0.543158
1.884974
0.101490
2.849970
1.501050
-1.065215
0.948650
1.247184
-4.355850
-0.570736
1.644451
1.986499
2.364413
-1.757113
1.968893
-0.056030
1.845801
0.694220
0.092580
0.192754
2.862934
1.007715
1.141281
-0.244304
-0.842085
1.762729
-1.420867
1.650875
0.751645
2.825630
2.440133
-1.925244
1.856513
2.642920
1.805631
0.302104
2.067751
1.075061
-1.972783
-0.606083
-0.247936
-0.199386
1.338182
0.982378
-0.627821
0.464980
1.901809
-0.315230
3.174038
2.145296
0.938669
-0.218239
-1.891491
-0.399815
2.016824
0.271971
3.968030
-0.065930
0.192441
-0.148135
-0.097609
-2.576312
0.158012
3.490764
2.362217
2.492271
0.336891
-0.188463
-1.355433
0.938252
0.907478
1.352823
0.835108
0.663841
1.308288
0.418026
-0.127424
0.141561
0.956590
1.461639
1.202665
1.113197
-1.024415
0.115034
1.075981
2.346266
3.512837
1.936684
1.468247
2.471364
1.487597
0.348442
0.130421
0.983859
-1.754378
1.449982
-0.120057
1.126033
-0.875912
-1.056581
2.418603
-0.289272
1.416163
2.264528
3.205234
-0.730407
1.257609
-0.995051
0.757192
0.523221
1.718013
0.140603
-1.008497
0.792745
0.528060
0.317381
0.990018
0.627419
0.434199
1.107177
-0.518972
-0.727233
0.443781
-1.105463
-2.501127
0.973810
0.589050
-0.634421
0.106100
1.476600
0.279749
-0.391344
0.242352
2.043621
-0.522407
-1.561320
0.059504
-0.087089
0.326337
1.520545
3.429823
0.055247
-1.107277
4.607263
0.293971
-0.750945
0.298863
-2.043360
-0.941478
-1.126823
1.868706
1.369102
-0.338323
-0.073153
0.455545
-0.462602
-0.440891
0.713950
1.386634
2.461385
-0.586100
0.760902
-1.898387
-1.602856
3.393929
-0.487416
0.043418
1.363197
3.601049
1.134718
2.013609
0.385879
-1.583298
0.394112
0.950055
1.561066
0.805683
1.390284
0.025752
0.420240
0.900925
2.195315
2.160889
1.421570
-2.270216
-0.025226
1.474466
1.281762
-1.648371
0.692288
-2.824460
1.539388
-0.507897
1.281832
1.134345
0.088592
-1.754500
-0.732648
-0.704367
-0.904386
1.432376
0.465715
2.058512
3.427886
1.893807
0.141402
1.145502
2.402554
0.826214
0.689972
-0.352736
-0.463825
-0.549364
-1.832674
-2.780193
1.408019
-1.196074
-0.828315
-2.339598
0.979591
-0.657948
-0.258675
-1.312287
0.607876
-1.139312
0.160212
3.394577
-0.203379
0.308516
-1.283087
-1.855043
0.030347
-0.690475
1.405302
0.731710
0.134153
1.297192
2.671967
-0.208178
1.513333
-1.587362
-0.031505
0.236329
-0.089370
-0.967758
-0.505178
1.103865
1.142099
-0.915100
2.126532
1.426730
0.590240
-1.064856
2.929624
0.570594
-0.253207
0.904361
-0.098810
-1.940756
0.492085
0.975574
-0.650180
1.672665
-0.619300
-4.508774
0.937372
0.138519
4.273374
-3.710717
-0.829278
0.385940
-1.759153
-1.064129
0.120863
-0.446052
-1.379215
-0.076958
0.103379
0.282341
0.422247
-1.838367
0.302432
0.990364
2.220759
-0.198826
1.938110
-0.583799
3.158753
1.755928
-0.381616
-0.627827
1.858728
2.492268
0.667649
0.651391
2.168664
1.750109
-1.356731
1.573599
1.109792
0.046727
-0.414440
-0.875199
0.726871
-1.053775
1.427899
-0.295955
1.276212
1.639366
1.211426
0.147150
0.300731
-0.885999
1.001514
0.919389
1.161668
-1.758157
-0.622248
-0.500922
-1.843776
-0.586376
-2.416110
2.098085
0.669567
1.247533
0.709562
1.580013
-1.443845
-0.010857
0.725306
3.722723
1.495050
1.781992
3.666833
0.512714
1.612081
0.761517
-0.028563
0.968762
1.376086
-0.471749
-1.459336
1.848677
0.879830
3.263170
0.042113
1.891334
-1.396034
0.079746
0.905771
2.276284
-0.216840
0.528807
1.663952
0.528867
-0.494414
3.714964
1.299370
0.921763
1.026076
-0.816145
0.868881
1.255237
2.291101
0.645853
3.044964
0.440205
0.163152
1.656462
0.880712
0.441305
-0.832831
2.105809
3.194280
1.051219
1.173711
-2.435284
0.431256
-1.843016
0.801188
1.383998
-1.794146
-1.544192
0.666824
0.943764
1.455003
-0.322385
0.688121
1.476779
1.010607
-1.619634
-0.125828
-0.961042
1.660408
-1.459041
0.238737
0.753879
0.515120
-0.924511
-0.954088
0.409893
1.716833
0.933433
-1.315684
1.977173
-0.357216
1.102956
1.464519
2.029048
0.040062
-0.241621
1.643494
1.533428
-0.905866
1.784497
-0.434456
0.953662
0.940174
-0.837692
-0.272975
1.229069
1.391449
0.357531
0.144067
-0.465051
1.034349
1.475502
0.560520
0.865702
0.732788
0.581394
-0.886161
0.500299
-0.875673
2.684932
0.869861
1.138948
2.028115
3.680862
2.197653
-1.186286
0.229107
2.992265
0.735166
0.505390
1.439360
0.589064
-0.372208
0.872365
-1.146611
-1.093010
1.701693
0.665707
0.333491
-2.493272
1.660805
-0.545558
-1.939615
0.592463
-0.182692
-1.106115
0.678520
0.241282
-2.792804
-0.896660
-0.613026
-0.267525
0.147707
1.131644
-0.995779
-0.994572
-0.286215
-0.580061
3.532743
-0.692239
-2.523221
1.361938
1.604732
1.396159
2.402714
-0.478760
0.493241
-2.438702
2.397768
1.078667
0.975462
0.443888
0.069382
-0.373951
2.112067
2.718923
1.358459
-0.209059
0.994607
0.034358
3.833538
0.594140
1.983637
0.774880
-1.012482
-0.288593
2.227219
0.366567
-0.512928
2.352979
2.267106
0.467520
-0.439345
0.863104
1.171454
3.159686
2.544949
0.974789
1.074470
-0.231050
2.706265
0.389078
-1.373142
1.483065
-1.028397
0.271583
2.195963
-1.228432
2.177530
2.364895
0.204881
2.447647
-0.125275
-0.685912
2.231144
0.709898
-0.566900
0.942075
-1.442113
1.664630
0.835797
1.400561
2.167468
2.265059
1.108937
0.339125
0.128540
0.063543
-1.202334
0.032568
-0.577122
0.062058
1.169492
0.139880
0.297196
-0.422977
1.611156
-2.681119
2.174215
-0.324416
-0.161390
-0.701176
-0.284046
-0.396209
1.001198
0.587127
0.362989
-0.084623
1.869914
-0.230543
-1.237863
-1.801317
-2.900265
1.730610
0.070505
-0.619369
1.551120
-2.388729
-1.260703
1.357028
0.013767
2.414471
0.423597
-2.047597
0.860952
-0.542709
3.219398
-0.091745
-1.933514
1.267593
-0.013409
0.514994
2.436384
1.964650
1.294303
-0.174400
3.147021
0.133139
2.893611
-0.175043
1.292183
0.811664
0.578130
0.473074
0.496672
0.613736
0.238874
2.347672
-0.894549
2.071787
-0.668544
0.286605
1.102841
0.337556
-2.850254
1.509515
-2.068043
0.333136
-1.178767
0.722059
3.184608
-0.190514
3.419548
1.861314
1.163002
0.870017
0.694389
0.699348
0.775983
0.036285
0.597303
2.863744
1.141852
-1.396311
-0.793932
-0.780664
1.501150
1.348206
1.381825
-0.048581
-0.009669
1.273426
1.727314
-1.471743
0.506322
0.282105
1.205480
1.098015
-1.002945
0.892797
-0.353606
0.097461
2.547285
0.494140
3.033338
-1.310328
1.443321
1.478795
3.104998
0.521389
2.899606
-1.606878
2.106010
1.561053
2.569009
-2.857188
0.355329
0.108045
2.545895
0.071998
0.330598
1.184801
1.061259
1.503441
-0.786062
-0.145541
-2.084806
3.190830
-1.492238
1.885111
-0.193109
1.954641
1.095276
-0.617086
3.219554
1.275463
1.067381
0.864928
2.204129
1.104360
-0.421023
1.162483
0.629736
2.862255
0.257531
-2.217081
-0.517141
2.483748
-1.597116
-0.193041
-1.344949
1.705173
0.829251
-0.314872
-0.509737
1.255147
0.783094
-1.077744
0.930855
2.438881
-1.096510
1.311478
2.492498
-3.494542
0.032984
-1.928302
-1.758460
0.642094
0.964865
0.117461
1.839355
0.838798
1.286828
4.264822
0.186447
-0.419963
1.641478
0.515928
-0.298799
2.344701
0.954996
1.174039
0.349770
-0.143906
-1.162425
0.446033
-2.012317
2.916317
1.350152
2.500384
0.355308
-0.567111
0.604060
-0.369899
-0.561157
-0.913824
1.904655
-1.973870
0.259888
-0.823349
-1.097011
-1.073787
-0.834847
2.940179
-1.503402
1.173284
-1.807823
-1.540797
1.172384
-0.125945
-1.414129
1.176753
1.893444
0.394905
3.053016
2.549679
-0.594088
0.807638
-1.401820
0.627034
3.386252
0.646604
0.568337
-1.200956
1.342490
0.617096
0.950243
0.656483
3.491343
0.679420
-0.586149
0.645114
1.901735
-0.047174
-2.508248
2.829614
-1.774785
1.690200
2.071125
0.146848
-0.207879
1.554987
-0.612608
0.916053
0.340403
-2.187824
0.670688
0.452149
-1.412779
0.939917
-1.874602
0.612647
0.545154
2.628724
2.618553
0.440666
2.048584
0.824640
2.630124
-0.440721
2.313435
-1.389986
1.399099
0.829144
-1.498590
1.314820
0.914293
0.659888
0.444305
3.992033
3.610421
-2.330694
1.058462
-1.077151
0.990215
1.446544
0.360597
-0.608766
2.741211
2.547122
0.323566
1.371710
-0.049120
0.517833
1.630278
1.612229
1.009039
0.469085
0.530118
5.118319
2.701408
0.479328
-0.600355
-1.839086
0.135494
-1.785842
1.946042
0.304421
-0.862531
0.619374
-0.849616
1.955956
-1.944540
-0.172242
0.341848
-1.918097
-0.948566
2.322424
-0.224343
-1.547061
1.697095
-0.501803
-1.728800
0.546004
-1.707513
0.505193
4.152644
1.933050
1.167796
2.575844
0.600421
1.537234
1.381166
2.089181
1.204554
1.417729
1.298706
-0.971379
0.189636
-0.445312
0.834579
-1.081418
0.317071
-2.814253
3.273762
-1.233817
-0.311347
-0.327756
1.176305
-1.431695
2.002984
-2.410378
-0.946448
1.094065
-1.436590
-1.308725
0.633084
-0.454161
-0.465373
0.498760
-1.880662
1.422815
1.289039
2.797617
2.073967
0.285137
1.927097
0.082239
-0.578483
0.049058
-1.682919
4.280832
1.048122
-1.268144
1.077210
0.563846
1.121481
1.601382
0.881225
1.100963
1.827859
-0.483562
1.626943
1.983126
1.126892
1.116145
2.185396
0.422652
3.132606
2.336048
1.486338
-0.407170
1.616768
1.883225
0.962395
-0.527935
0.422936
-0.138008
1.812728
1.908831
0.234961
1.417467
-0.868310
0.318908
-0.031346
0.888801
-1.487795
2.294987
1.577639
0.362240
0.985796
1.914882
1.083457
-0.420195
-0.095729
1.691285
-2.518622
-0.645195
3.521827
-0.520999
0.052015
0.344661
-0.347865
-0.773720
-0.633778
-1.198924
1.848337
3.129406
-0.922792
1.203337
-0.877655
2.253887
0.537617
2.480640
1.884536
-0.629162
2.226634
3.739474
-1.119804
1.152381
-0.117039
0.951414
1.163933
-0.981751
0.083328
0.540408
1.916960
0.313143
0.932284
0.675441
0.363668
0.872739
0.594068
1.714923
3.426755
-0.770183
-0.282789
0.557506
-2.052997
1.867800
0.855822
0.536678
-0.097439
0.836630
2.372010
3.740026
-1.118519
-0.169868
-1.474455
-2.067083
2.927705
1.762589
0.327657
-1.448662
2.837289
0.934764
2.338059
-1.522442
0.522852
0.448623
-0.066664
-0.019202
-1.065205
-0.486502
-0.263274
-1.343479
0.610239
1.990209
0.469627
-2.844054
0.339854
0.182305
1.085863
2.321664
1.478785
1.202666
2.619350
1.157372
1.855983
2.465810
2.817991
-0.608799
2.576163
3.303907
1.383901
0.298159
0.846454
-1.850726
-0.936921
-0.605767
2.745024
0.652700
-0.629512
0.265117
0.332709
-0.800356
-2.867442
1.855263
0.090169
-0.981878
-1.209996
1.108085
-2.231359
-0.064353
0.572889
-2.659689
-0.266863
0.322869
2.398943
2.334880
-0.393692
-0.583178
3.876886
-0.533318
0.882161
0.622024
0.671403
-1.020733
1.914522
-1.360979
0.796691
0.939917
-1.536011
-0.111550
1.159231
1.013760
1.925474
2.251347
-0.830005
3.381118
1.733261
1.540749
1.103922
0.471879
-1.015725
1.373057
-1.434522
0.834972
0.982412
-1.355220
3.269351
2.131720
-0.458531
-1.695501
-0.070220
-2.126056
0.356828
1.153767
0.059137
-1.254318
0.246756
-0.550351
-0.512740
2.152374
2.186526
0.588113
-0.884924
-2.754735
-0.333961
-1.312850
1.626384
0.777700
6.027664
-0.039032
-0.716625
2.710420
-1.004112
0.735931
3.678717
1.889061
3.219628
2.031339
0.030076
0.274777
2.837232
2.460348
0.970763
2.062056
1.444039
1.029455
1.546239
2.117582
-0.192192
1.186280
1.050247
-1.993421
-0.321001
3.148277
0.938710
2.061613
1.196235
-0.109786
-1.067591
-0.431925
1.397848
1.011192
-1.362212
-0.597458
-1.352244
0.013071
0.125645
1.565379
1.586533
0.165377
-1.305803
0.610075
1.716287
1.956706
-1.451066
-1.459435
1.750341
-1.738656
0.600403
2.162080
-2.813055
0.731455
0.807506
2.554790
2.773985
-0.274956
2.733303
1.371315
2.009681
-0.318834
2.105721
-0.305531
2.337621
-1.171315
0.365176
0.434541
-0.156466
-0.970097
-0.945944
1.524831
0.234316
-1.234946
0.181993
1.795990
-1.793547
-0.883480
0.892421
0.449419
0.516341
0.103659
1.081432
0.140248
-0.475279
1.232845
1.470529
-1.602790
-2.163571
1.213713
0.070254
2.206423
-0.516886
-1.411358
-0.193273
0.623547
0.220083
-1.230187
3.580846
0.392986
0.498124
1.412471
-0.415352
0.205059
-0.819636
3.586198
2.245846
1.001442
1.228503
2.070984
-1.956465
2.189529
-1.701350
2.058290
1.296119
0.789335
1.369713
0.005789
0.398513
1.083764
0.817494
2.530286
-1.223140
0.551014
-1.130059
-0.712779
0.952692
1.227059
1.469659
0.581616
2.338662
-0.569502
0.901845
1.900915
0.620955
0.125933
-1.521140
-1.625347
-0.445638
-0.051884
1.143202
-0.036658
2.133079
0.948086
1.871314
0.798526
-1.505155
1.493168
0.562419
1.120617
0.941032
0.371643
0.715546
1.577561
1.096481
1.302184
-0.421413
1.780158
1.523454
-1.744215
-1.175724
2.621745
0.972428
0.448942
0.198791
1.515903
2.082959
0.142697
0.373437
3.256525
-0.782335
1.302101
0.716854
1.411665
-1.118493
0.500819
0.102316
-0.859359
-0.146939
0.316852
-0.403301
-1.430139
0.052486
3.040279
1.862271
1.682222
1.936077
2.564048
2.041164
0.790629
1.689337
-0.919910
1.165944
4.193612
-0.298192
-1.512476
-0.540840
1.834505
0.860844
-0.643261
0.526246
1.092250
-1.089428
1.160588
-0.615830
0.637051
0.844065
2.651031
2.034331
1.573576
1.972591
0.314158
-1.045591
0.415830
0.835265
-0.159807
4.871933
-0.186244
2.319552
2.248899
0.186196
1.130125
-1.583478
0.588298
-1.615145
-0.732503
0.867548
1.724327
0.220580
-1.586320
0.430591
-0.764708
-0.446661
0.629687
2.631140
-1.090195
0.565022
2.600544
1.109711
-2.125768
0.565573
0.360224
1.379806
-0.698305
0.779821
3.612225
2.477890
1.609802
-3.209586
-0.663163
0.462603
-0.460863
-0.990867
-0.173674
-1.711770
1.302338
0.577824
0.276041
1.796502
-1.044913
2.994942
1.690799
1.539501
0.785270
-0.466683
0.132281
1.248605
1.293907
1.223500
1.573346
0.795365
0.000803
-0.431468
1.860872
2.736150
1.678101
0.757415
4.067439
0.742540
-0.498822
0.914866
-0.477989
0.580081
0.781203
-1.978092
0.114942
-0.697675
-0.563936
-0.485056
-0.231700
0.884753
-1.209923
0.435575
-0.344034
1.001892
0.831579
0.001448
0.377729
2.756165
1.989967
1.665534
1.281696
0.574200
2.274414
-1.230547
-0.922668
0.128082
3.902574
0.278042
-0.135630
-1.715080
1.528576
1.554753
1.475564
2.413307
0.377326
-0.744516
-0.297408
1.130595
1.418361
3.567933
0.758155
1.021856
2.046480
-0.293844
3.064005
-0.167246
-2.124854
-2.080357
0.243687
-0.553105
1.970327
-1.674422
0.965176
0.652892
2.235887
1.310890
-0.541471
2.812753
2.297416
0.798312
-0.383425
0.545780
0.955145
-4.048952
-0.515177
0.150213
1.790612
-1.112476
1.380048
-0.072893
2.574229
-0.886971
1.570107
1.736457
1.204093
-0.486701
1.141456
1.570046
0.042775
0.592619
-0.341156
-1.035669
0.364666
-1.687631
0.248858
1.249343
4.218766
-0.544194
-2.654510
1.587366
-0.834438
-0.229394
0.802766
-1.438533
1.765912
0.334093
-0.419861
1.769239
-0.074059
0.638110
0.090671
0.449903
-0.178918
0.535774
-1.292086
-3.236206
1.479025
2.172025
0.075354
1.936262
0.777576
-1.675573
-0.053452
-0.215362
-0.223907
3.428168
2.109095
0.716994
1.119045
2.470368
0.236726
1.398700
-0.299141
1.919133
-0.194689
-0.368139
0.071384
-0.789782
-0.499681
-1.715420
-1.594217
-0.104413
0.526818
0.722095
-0.196742
1.660038
-0.709539
1.707385
2.943074
4.193844
0.936540
0.040159
1.108948
0.561197
0.060734
2.254038
0.129724
2.148120
1.954876
-1.707998
1.999910
0.916397
0.480207
0.742317
1.520836
2.496113
1.819200
-0.257667
-0.046311
-2.431409
-0.361983
-0.432192
2.745249
-0.931261
-0.308805
0.563565
-1.861730
-2.178317
2.014171
-1.177027
0.145187
1.387967
-1.464409
-0.725856
-0.873486
-0.371409
1.368293
0.132249
-1.075665
0.045245
0.029799
2.855655
1.591579
1.041041
-0.287515
0.640332
0.794062
0.693811
0.059260
0.276191
2.660073
1.397141
-1.137393
3.010503
1.446021
-0.037948
0.742538
0.793887
-0.881301
0.393307
-0.189666
1.776936
-0.979064
2.056194
-0.080639
-0.079009
1.928870
1.637586
-0.395231
1.573748
-2.894949
0.137314
1.032898
-0.029913
1.661141
1.282914
0.601042
0.020801
-1.651070
0.461885
1.833284
-0.848836
4.194136
1.704930
2.894918
-0.156567
-0.178160
-0.076372
-1.425213
1.382738
1.239125
1.044113
2.340819
-0.233816
0.761018
-0.641782
-0.466756
-0.863542
0.334117
3.134259
-2.059556
-0.275413
0.859441
-0.004428
1.314541
-0.670274
-0.308555
-0.353964
1.750015
1.652076
1.986833
2.116357
0.079168
1.247077
1.950578
0.632086
-1.294900
-0.200144
1.769124
-0.074790
2.384760
-0.114197
-0.469867
-0.313676
3.437199
1.992920
0.590720
0.488115
-0.732285
0.813348
-1.380685
2.756249
0.597804
-0.365038
0.109561
-0.977041
1.787523
0.548455
-1.481865
0.699918
0.493361
0.663188
1.546200
1.833628
0.029164
0.281021
0.180082
0.793829
1.143760
-0.559600
0.486943
1.617851
1.617418
2.312486
1.245687
1.929367
4.675948
-0.321447
1.987273
1.320830
-0.508385
0.249148
-0.075517
0.130567
-0.537133
1.706864
-0.253762
-1.027231
2.066988
-0.183292
0.077324
-0.695126
1.332989
2.750631
-1.703341
1.408384
1.763347
-0.600103
-0.306149
2.724565
0.624448
0.918521
1.081263
2.752360
0.026740
0.176141
1.315539
-0.946963
2.471373
0.865026
1.652332
0.987845
0.355218
-0.896793
2.040399
2.131050
-2.040414
1.280900
0.091246
-0.267799
-0.452029
1.128112
-1.472397
0.586150
2.309129
-0.565969
1.996588
1.242767
0.624198
1.178296
3.175869
1.107390
-0.072764
-0.079466
3.760198
0.650350
2.598825
3.129162
-0.448961
1.232527
2.081899
0.563378
1.579881
1.615122
3.548903
0.045432
1.230658
-0.043352
0.384632
0.952390
1.515806
0.145729
2.813908
-0.501884
0.869166
-1.085567
2.835767
0.615271
0.677931
-0.296892
3.842879
-0.291857
-1.019817
-0.004030
1.522451
1.492255
1.037686
0.082885
2.271890
2.194678
0.883869
2.088269
-0.590110
-3.382290
2.442107
-0.314047
-1.858809
0.837768
-1.992551
-1.547704
0.047572
-0.282714
2.590992
2.993222
2.406234
0.143878
3.510940
3.090450
3.066742
0.603865
1.730222
1.525597
0.823243
-0.872706
0.317864
-1.243528
1.046518
0.510510
0.956339
-2.161757
0.887310
-0.979518
2.475814
-1.405925
3.006490
0.821629
2.279032
-2.269185
-0.054063
-1.110314
0.905896
1.669258
2.403938
-1.903395
0.838060
1.093582
-0.363998
0.377165
-0.508474
1.475384
0.558082
0.062945
3.348000
0.774209
-0.033212
1.104929
-0.331699
3.723438
-1.594511
0.329445
1.156278
0.945962
2.474303
-1.891742
0.247225
3.119061
1.073264
0.356178
0.215705
1.434198
1.613525
-1.108239
-0.241267
2.277256
-1.844553
-0.845193
0.468229
-0.257709
1.450835
1.916743
-0.876831
0.547970
1.301039
-0.335758
2.846595
0.731062
0.436186
0.083460
0.706248
0.319815
-0.275095
2.910682
0.856350
-1.826263
-1.291958
2.667570
2.124793
1.083636
-0.568418
-1.063228
-1.688415
2.132707
-0.728564
0.718932
-1.777666
0.743621
1.456621
1.355457
-0.292507
-0.474720
0.227353
-0.164420
3.386526
1.651428
1.955273
2.472682
-0.580223
3.101938
3.109212
0.406960
1.554685
1.628857
0.747900
2.781237
4.288030
0.120149
0.908199
2.775203
1.269979
2.257058
0.559991
0.194002
1.501627
0.112725
0.112713
1.056264
1.101155
3.893260
0.223462
-0.450720
-0.115262
-1.103289
0.177407
-1.291957
0.354860
1.754409
0.194457
2.977411
0.103891
0.478646
-0.322712
0.813476
0.947732
-1.272792
-0.289654
-0.782246
-0.300604
-0.228305
3.320972
-2.389836
-0.618781
0.073738
1.561202
-1.581557
1.017425
-0.151135
-1.021061
1.049261
-0.890865
-1.517701
1.572020
-1.399139
-0.389802
0.615351
0.047875
2.187355
-0.505111
1.717248
0.200191
1.546937
2.356954
-1.696557
1.466713
1.255231
0.578054
2.206662
-0.240059
2.637228
1.387520
1.319299
0.468361
-0.417118
-1.338633
-2.630714
3.666767
-1.106753
-0.646428
4.008796
-0.309519
-1.723238
0.756291
1.070814
-2.616749
0.343022
1.614414
-0.097034
-1.388057
-1.690929
0.976574
-1.139713
0.428869
1.397026
0.052970
0.725984
-0.575247
3.789443
1.797127
3.151087
1.002352
1.475592
1.039382
4.257386
-3.722714
0.399265
1.197490
0.278787
2.829083
-0.710717
-0.344364
1.830687
1.396722
-1.099755
-1.145833
-0.205048
0.792631
1.748707
3.509244
0.611833
-0.175948
0.320279
1.947758
1.106793
0.461884
0.844534
-1.222640
1.137208
0.004227
0.708627
2.201941
-1.085786
-0.210483
0.518178
-1.072469
0.533275
0.837048
2.364370
0.203519
1.939858
-0.620290
0.572487
0.135821
1.532947
0.076896
-0.387225
3.203690
-1.691256
-0.024302
1.740904
2.343841
4.474251
2.145464
-1.085127
2.912455
1.840584
0.867877
-1.836739
2.416807
-1.635822
0.676492
-0.287047
-0.259674
0.740527
1.175824
0.220806
0.458914
-0.632979
-0.376874
0.945497
-1.130846
-0.229026
0.414649
-1.497014
2.357728
1.617545
0.384185
0.733936
1.144533
0.983904
3.717555
1.659829
-0.536240
1.009833
1.246095
-0.737680
0.056368
-0.388489
0.627091
-0.189276
2.425333
-0.314635
1.198437
2.799696
2.108434
-2.023720
-2.277687
4.018569
0.723043
-0.783167
0.204108
-0.699846
2.095045
1.858894
0.023555
1.021868
1.275677
0.603801
1.208681
-0.125588
2.347831
0.676870
1.871674
-1.822875
2.206602
0.444878
1.446308
0.799005
-0.327544
1.556895
0.560601
-1.862582
1.211331
1.784008
1.483995
1.556871
-1.942006
-1.845685
0.814842
1.412537
1.567705
2.514906
-0.029208
-2.457424
3.539332
1.975784
1.259579
-1.391536
1.675802
-2.403553
-0.415357
0.572646
-1.107239
-2.236140
0.877711
-0.156721
2.061324
0.154375
0.361476
2.224082
-1.094199
1.236310
1.091699
0.093546
-0.435856
-1.618656
0.651380
1.263557
1.874419
1.769295
2.400042
1.400244
1.642998
1.339462
-1.811487
0.129005
-1.146353
2.032280
0.120229
0.844755
-2.421265
3.316768
0.618746
1.001212
-2.217949
0.627224
3.020950
0.926241
-0.152579
-0.644730
-0.302397
0.956852
-0.284632
0.105826
-0.315325
-0.626457
-1.144891
-1.868624
0.339889
0.389189
-4.442842
-0.090749
-1.236102
0.208742
2.524229
-0.242886
2.498504
2.751725
-0.774046
-2.321370
-0.740193
1.514465
3.446718
-1.529797
0.808089
1.082542
1.214642
-2.111558
-1.138459
-0.890835
0.047779
-1.006127
2.007755
0.572062
1.169391
0.474103
-0.944488
1.435880
1.335053
0.423078
0.062648
3.986535
-0.632730
1.581709
-0.046390
-1.244969
-2.244601
2.904202
0.189183
1.642355
0.111865
2.011518
3.339365
-0.587983
-1.624386
-1.062639
0.725705
0.837418
3.863335
-1.522537
0.495916
1.356703
1.509274
-0.434941
2.020918
-1.384268
1.002528
-0.051137
2.078673
-1.775434
2.566946
1.170565
-0.700271
2.327556
2.058301
4.597569
-0.371637
2.063657
-0.271200
0.582557
-0.474582
1.214790
2.304509
2.032148
-0.768505
-0.140515
2.116578
2.109921
-2.153181
2.437135
-1.998236
0.309931
-0.625503
3.569766
-0.096246
1.875447
1.982139
1.914965
-0.290583
0.207224
2.625715
2.656178
2.159431
0.201140
-0.666152
-1.093808
1.870645
0.149375
-0.059430
0.146636
0.385325
0.546723
-0.215405
0.188426
-1.305969
3.018908
1.081181
0.703720
-0.764410
0.827410
0.821485
-0.458972
2.327816
0.707145
0.824748
0.396020
2.242963
-0.618648
-0.133989
3.187311
1.067526
-1.171823
0.640286
2.067494
-1.214418
1.176456
-0.677949
-0.629462
0.435737
-1.063407
0.450203
0.733933
-0.573786
2.332436
1.593631
3.575340
0.216245
3.702059
-1.406436
2.578169
-0.714977
-3.460008
0.985258
0.929870
2.582160
0.149277
-2.150002
1.183752
-0.672307
-0.026183
2.412714
-0.094124
0.544461
-1.612622
-0.728278
-1.603210
0.566740
-3.179630
-0.907136
1.779575
1.051056
-1.341734
0.907054
0.999754
-3.016637
-0.059373
-1.012181
-1.655632
-0.361170
0.466680
3.283406
3.234436
-0.067080
1.148750
0.892185
-1.030515
2.300129
2.428839
-0.017457
-2.252706
-0.408467
-0.894331
-1.168192
-0.312755
0.490474
2.226376
-0.788062
1.610727
-1.219577
-1.790231
0.324912
-1.053103
1.910253
-0.035413
1.561577
0.398812
0.194787
-0.097547
2.717927
0.190026
0.110997
0.922432
2.806857
0.735562
0.897107
0.094971
-0.044167
0.130747
-0.240146
2.437456
1.662224
1.035610
2.248778
-0.399579
0.043619
-0.374283
-1.758921
2.092170
-0.995192
-1.153577
0.275105
0.399711
-0.759857
-0.711324
-1.773172
-0.305963
0.143250
-0.305326
0.352787
-1.218676
0.568318
0.902470
0.066370
1.393998
2.497243
0.216614
-0.123423
0.561239
1.812968
0.312836
1.495219
0.917315
3.817991
0.426019
0.410393
1.444466
-1.708287
-2.467731
-1.646986
1.821384
2.550065
1.145243
-1.580110
3.413497
-0.931745
2.424426
-1.449224
0.727011
-1.222931
0.299026
-2.090095
-0.634266
1.391850
2.829994
-0.603010
-0.026567
-0.752480
-0.548844
-0.949682
3.129712
-1.125517
-1.173148
-0.587110
0.547052
1.322787
-0.071480
-0.853017
-1.896952
2.604614
-1.437687
1.303440
-0.122315
1.688340
1.944725
0.532472
0.736212
-0.604077
-0.065295
-1.536271
-1.439361
0.124322
-0.894509
-1.357846
2.326028
-1.132358
0.136364
0.514119
0.853446
1.284736
-0.225586
0.942729
1.709115
-0.985825
0.214629
-2.705568
1.480918
1.229496
-0.794203
-0.154997
-0.160564
-1.859396
2.248646
-0.254960
2.416778
0.900899
0.921784
-0.839168
0.126855
0.745845
0.223482
1.302766
-1.305534
0.932360
-0.743677
1.791170
-0.451301
-0.727989
2.968528
-0.821021
-0.286189
2.125375
1.245471
1.796845
-0.586685
2.161252
1.266678
1.197254
1.405509
0.731412
-2.290793
2.212018
-0.523518
0.826598
-1.415646
-0.998242
1.204660
-1.089632
-0.353876
-0.895525
-1.559122
0.671810
2.041983
-0.961045
1.549922
-0.859514
0.618210
2.696525
2.250787
-0.829882
1.998387
1.095401
-0.079793
-1.742011
3.668521
1.152808
-0.089122
0.018590
-1.407209
0.711666
-0.269924
1.256379
-0.470875
0.994521
2.978683
1.501712
2.763134
2.735412
2.389452
1.451273
-0.556603
1.405492
-0.463662
2.732657
0.247456
-0.434000
3.935881
1.393679
-1.713445
1.022360
-0.107379
-0.608958
-0.838591
1.592333
0.418547
-0.506307
-0.977697
-0.231337
-0.567487
2.796551
1.525679
-2.909084
1.925597
1.460370
0.054756
0.259243
-0.225171
3.279955
1.452274
0.156675
1.248425
-0.582707
1.271288
-1.737897
1.357203
-0.941247
0.731348
-0.450215
-2.474198
0.528013
0.181140
3.012084
1.091041
0.615153
2.279563
0.881319
3.045999
-1.021976
-0.668754
0.608179
3.251970
-1.417251
2.242753
-0.758393
-1.481796
1.379738
0.449105
1.038494
1.648119
1.519103
-0.740665
1.612985
3.154877
0.155634
1.916758
-0.089819
1.755835
-0.531234
-1.599535
-1.180502
4.768404
2.378905
0.157030
1.347501
-0.551800
0.681177
1.202853
0.720018
-0.964866
0.623362
-1.542375
0.961405
-0.611419
0.193859
3.186315
-0.625235
1.672280
-1.677917
-0.866666
2.280606
2.186406
0.541778
-0.116691
-0.206236
-3.545245
3.320435
4.754432
2.543089
-0.214086
2.038482
0.946432
0.923631
-0.533562
0.158112
2.958266
1.540180
-0.641276
0.226856
-1.387492
4.214072
0.364540
-0.465906
2.556970
0.842251
0.983615
4.583187
-2.192364
0.696580
-0.913884
0.406078
-0.652160
1.495655
0.168713
-3.254487
0.504373
1.623593
-1.208516
0.022676
0.148034
0.014452
0.859476
1.463210
-0.512493
-1.177497
-0.186800
0.863370
2.672025
2.380456
0.070176
1.156255
0.656883
0.606967
2.297871
0.739575
1.343643
-0.905235
1.363425
-0.767661
-1.071771
2.596037
1.467955
-0.286399
1.549796
0.578851
0.760386
1.595750
-0.682192
-0.461538
3.741104
3.710084
0.393817
2.137280
0.735124
-0.525641
-1.790110
2.149326
1.008230
0.621646
1.054675
-0.412352
2.561696
0.237097
0.941877
0.610241
1.619050
0.013457
-1.588488
0.600994
1.436121
-0.478863
3.119768
1.412410
0.171433
0.765774
0.503027
0.461799
1.275014
-0.406561
2.491979
1.705370
2.541793
1.416417
1.955460
0.318633
-1.551076
1.917466
-1.862437
-0.610179
1.103080
2.095011
-0.628580
0.988620
2.147966
1.395651
1.017402
-1.512888
1.806222
-1.272678
2.711306
-0.519152
2.213077
-1.779601
2.303508
1.147919
-0.215204
1.263307
-0.553905
3.269104
1.081386
1.961023
1.597710
1.697405
-0.380475
1.356133
1.389902
1.906634
-0.003254
-0.444025
0.056427
-0.587153
1.450943
1.782459
0.951633
0.149116
1.551039
-1.016468
1.636304
-0.359475
3.533762
-1.078808
2.159510
-0.863473
2.422059
-1.328890
-0.999768
0.301061
2.970667
1.198598
3.487844
-0.286816
1.392066
0.317157
-1.754768
1.437013
1.436105
0.930874
2.211552
2.170512
-0.552743
1.946487
-2.673717
-0.288267
1.458493
0.867244
-0.482990
-1.016283
2.817405
2.237800
0.791327
1.417035
-1.656037
0.152235
0.557228
-1.087723
-0.228612
-0.506033
0.916328
1.512740
1.386872
2.099905
2.320628
-0.727022
2.281770
0.326825
0.172707
0.962366
-2.105038
3.058999
3.241023
3.479814
-0.116951
-0.657478
3.692305
0.658764
-0.824258
3.174323
0.145458
0.811460
1.106358
0.008112
1.564737
0.527125
-0.666534
-0.014774
2.237022
1.421811
-1.750368
0.479864
-1.081194
1.400291
0.571672
1.855841
0.810331
0.217120
0.320896
-0.891998
-1.325202
0.971085
1.707273
-0.772603
-0.533160
-1.225653
1.097876
0.577619
-1.330871
0.938346
1.575145
-0.411668
-0.932177
-0.156334
-0.056439
1.684455
1.774671
0.916669
-1.779976
2.889305
-2.155137
0.179212
1.800198
1.315681
-2.819175
-1.991608
1.619547
-1.176653
1.870816
3.266804
0.360762
-1.028041
1.851284
0.499488
1.382269
2.530864
0.190443
1.338809
-0.403373
1.471560
1.377624
-0.034183
1.790874
-1.488256
-2.013779
-2.124375
-0.251332
0.114424
1.077057
-3.914014
-0.543085
2.226305
0.312393
-1.038395
-0.304278
3.575851
0.157269
1.800755
0.888903
1.042628
-1.647211
0.805810
1.294909
0.392201
0.930313
-1.137819
0.654018
2.302908
0.313294
-0.258611
-0.238291
0.231351
-0.663656
2.032598
0.036032
0.038185
2.099133
0.075581
0.464896
-0.158178
0.555364
1.032006
1.122925
1.599680
0.538004
0.832820
-0.353614
0.498980
-2.649825
0.246588
1.592986
2.769696
1.904765
-1.906914
1.222909
2.471344
2.513799
2.275228
2.299142
2.477629
-0.745063
1.866362
2.003726
-1.909768
2.130163
2.030697
0.749529
-3.384326
0.961672
0.370349
-0.478947
-0.922314
2.831406
1.143906
3.334401
2.088722
2.770782
-1.622677
-1.100776
1.517089
0.767245
2.552294
0.258795
-1.111198
1.385121
2.584374
5.274317
0.901092
0.641348
1.427916
0.367402
0.379795
2.860969
2.635043
-0.019696
1.161724
0.448431
0.548984
0.595475
-0.134076
2.026326
1.605072
-1.089004
0.768218
1.201807
-0.384585
-1.469414
-0.024946
-0.761898
0.109465
0.840070
0.828357
-0.954056
-0.390509
-2.541282
0.740724
-0.901458
2.981153
-0.645097
-0.509952
1.670249
-0.089642
0.230336
4.039788
3.290835
1.496560
-0.473364
3.674891
1.126313
-0.057163
1.632487
0.290546
0.805195
0.560465
0.198157
-0.517851
1.062197
-1.129535
-0.585594
-0.156241
0.894281
0.523566
-3.013623
0.684743
3.145642
1.700670
-1.868752
-0.349920
4.365385
0.097900
0.095187
0.841535
0.717099
-0.279888
-1.980973
1.555594
2.296876
0.232851
-0.899007
2.434432
0.499431
1.523995
-1.122826
0.136102
1.864074
-2.111867
1.149412
0.249557
-0.757962
1.076983
-0.023551
1.742779
-0.788932
-0.816033
-0.006881
1.807974
1.115174
1.262524
0.074157
0.472671
-0.253884
0.324878
-1.411740
-0.638421
-1.681864
-1.000233
-2.680227
0.014247
-0.803129
3.573771
-0.802574
5.144288
1.159294
-0.678659
-0.001925
1.801921
1.865789
2.127950
2.196412
0.292562
-1.249679
0.751485
-1.737501
1.426791
0.657180
-1.313395
0.325779
1.796517
2.965167
0.035267
-2.857031
1.455090
-0.726070
1.384419
1.054070
-0.329818
2.838843
1.892731
0.028035
-0.732276
0.984450
2.571212
-0.589158
0.231139
1.543569
0.156624
1.370856
-1.477015
0.462820
1.962603
2.254462
-0.536708
1.117101
0.307038
-0.291969
0.715365
0.674963
-2.236555
-0.079880
0.139319
0.041785
1.168005
0.456846
-4.238300
0.484738
-1.906488
2.117308
0.972017
-0.326278
1.421089
-0.169492
-0.858087
-0.293554
1.199458
0.827814
2.010662
-0.936327
-0.039894
-1.252123
0.998004
2.073475
-1.986891
0.857889
2.122904
1.410203
-0.148277
0.290155
-0.386628
-1.731406
0.580798
-0.036612
0.803097
0.022870
-4.284529
-0.063789
-0.895118
-1.836776
2.465925
-1.388776
0.713251
4.262435
-0.118390
-0.728234
0.231071
1.535670
-1.962136
2.414345
-1.627992
-0.039189
-1.416410
0.494536
-0.161750
0.285439
0.179198
1.673690
-2.459277
0.250330
-0.327016
2.688260
0.893282
-0.577821
-0.579752
2.114099
2.807831
0.488836
0.555159
0.144417
1.753033
-3.086113
-0.241135
1.562860
-2.043004
-0.120044
1.364159
0.657034
0.042207
-0.569705
2.706772
0.952472
-0.635842
-0.618756
-0.416409
1.018565
-2.463448
-1.207832
1.498865
2.579894
1.063984
-0.528883
1.422583
2.768595
0.421587
1.210155
2.810698
3.407784
0.249425
1.329757
1.665552
2.172533
-0.750471
0.602536
-0.072603
0.861664
-0.813161
0.593931
2.392560
-2.678115
0.471579
1.307483
1.392041
-0.544851
0.738741
1.074619
-1.259365
1.481661
1.454423
-1.284844
-0.949046
-1.503581
-1.659792
0.926734
-2.778923
-1.517092
-1.406608
-1.903247
1.921805
1.442564
1.076222
-0.339310
2.385572
-1.324917
1.461416
1.457407
1.313595
-0.256866
-1.157279
-0.008218
0.908041
1.587895
-1.285604
1.142550
1.115677
2.010207
1.032049
1.246872
1.993977
2.205422
-0.604927
-0.744866
-1.463705
0.074971
3.152537
-1.836019
-2.954806
1.182759
2.178352
0.678326
-0.872487
1.693492
1.491765
0.484781
0.340524
1.422998
3.612468
-0.576735
-3.527033
1.355674
0.116164
0.900674
2.645130
0.480842
-0.000826
-0.990883
0.333650
0.771359
0.197215
1.919307
-1.093970
2.043797
-0.951390
-1.763426
-3.023941
0.346559
2.300543
0.691221
3.448456
1.313379
1.330571
-0.090415
1.841922
0.722774
1.048432
-0.301149
-0.187921
-1.541988
0.385816
0.673506
1.548393
-1.433339
0.636303
0.786194
2.031635
1.994426
-1.330555
2.439937
0.158686
0.424554
0.566057
2.335277
1.656196
0.716834
0.136050
0.547798
3.965343
1.413224
1.016737
0.036953
1.833899
0.132348
1.077553
-0.088331
1.074692
-0.849750
-0.483841
-1.044222
-1.251006
-0.174507
1.056980
4.309774
0.864165
-0.626400
0.861211
-2.189641
-1.015518
-0.045803
2.038965
0.025563
0.108566
-0.273171
-0.994480
0.370578
1.400071
0.647377
-0.304992
-0.292145
1.945112
-2.713505
2.368844
1.689130
1.250805
-0.572180
1.245204
-0.808462
1.041353
-1.049950
-0.723945
1.827956
0.370287
1.055995
1.353322
-0.097224
-1.849854
-0.882085
-0.644018
1.968678
-0.710176
-0.553257
-0.044204
0.199498
-2.280868
2.725149
1.436907
-2.380121
2.990458
1.396795
-1.011112
-1.102713
2.073667
-0.298307
0.559590
2.039775
2.424271
2.903734
-1.258170
-0.616500
-0.132747
0.143042
-0.323819
1.338456
0.190831
0.904367
1.311050
0.392661
3.133215
-1.999792
1.504937
-0.432775
0.592552
3.644979
-0.143935
-2.345201
0.040895
1.709556
-2.127316
0.729309
-0.564371
1.066965
0.144592
-0.241161
2.500086
0.060308
2.983673
1.840130
0.248959
-0.734946
-0.703029
1.626022
3.126589
0.247459
1.298537
-0.175586
-0.181557
-2.063227
-0.118246
0.150474
-1.420181
0.800503
0.918305
1.809529
2.991764
0.848297
2.769458
1.264473
-2.293493
-2.148360
2.404373
1.701896
1.143178
1.062354
2.040341
-0.260485
1.964949
0.791321
1.369559
0.057122
0.391035
3.203452
-1.021075
-1.704482
-0.662172
1.176411
0.002376
0.224507
-0.283129
-0.340726
2.322066
0.366986
1.473334
1.405866
-0.521410
-1.015665
-0.099522
-2.060036
0.040644
0.698961
-0.561191
0.434038
2.846239
-0.638620
-2.711605
-1.186467
3.954112
0.581173
-0.102350
1.122373
-0.189879
1.700151
-1.857748
1.171611
-1.060579
1.963669
1.464644
0.499128
0.155682
0.533926
1.272964
-0.587384
-1.297036
0.121370
1.387119
-0.999639
0.225281
1.511617
2.088560
0.356995
1.675946
-0.147420
4.303042
0.831455
-0.908873
1.594992
1.341210
-1.362628
1.967991
-2.802989
0.588560
2.001333
2.811745
-2.902734
-0.857259
0.407398
2.990916
-1.299005
2.576654
0.627841
2.818622
-0.420595
-0.397381
0.526289
-2.590783
4.096730
0.130039
0.912096
-1.045683
1.123322
-1.179047
-0.767444
0.416843
-1.309985
1.971442
-1.217897
0.299654
-1.439991
-0.622133
0.475971
1.676652
1.537887
0.139096
-0.048971
0.563271
1.110069
-1.170050
0.722877
2.018474
2.670310
-1.262629
0.122002
0.922555
1.288840
1.500285
1.885117
0.145552
-0.321318
2.287106
1.707551
-2.104097
-0.352784
1.980626
3.299486
0.927649
1.878882
2.985089
0.628741
0.446112
-1.625190
-0.160227
1.261563
-0.773566
2.345712
-0.398896
0.112670
2.102409
-2.213953
0.799682
4.655024
0.492395
0.660557
0.074710
0.009591
1.302302
1.901330
-0.999518
3.065789
1.641664
0.131459
1.314959
0.414066
1.148469
2.328269
-0.538647
-0.660269
-1.294321
-0.574055
1.331075
0.132144
-1.172977
1.874167
-1.262922
-1.621742
1.200458
0.965873
-1.520407
0.880348
0.736780
0.641801
-0.620209
-3.056852
1.780965
-1.210489
0.905385
2.640393
0.196069
-0.806514
2.256575
-0.948537
1.924212
1.520481
3.188851
1.572584
-0.517962
1.459929
-0.747482
-1.429888
1.026571
0.467583
1.764195
-1.059806
-0.121784
-0.002520
1.403365
-2.474352
-0.660532
-0.824186
2.130079
2.294699
2.632986
1.951993
-0.647230
0.298733
-0.639149
2.749579
1.978592
3.589706
0.211852
1.594511
0.412291
0.995449
0.275122
-0.981156
0.895526
-0.560513
-2.804938
0.952797
-2.090301
-0.554180
0.993061
-1.605382
-0.567883
0.459210
0.728671
0.684348
1.097684
0.932682
1.336078
1.072255
-1.108559
1.553419
0.870792
-1.036068
1.861284
1.512519
0.974006
0.731846
2.403617
-0.060544
0.918294
3.196817
-0.141051
3.234407
1.578389
-0.191928
1.556668
3.471776
-2.698022
1.079951
2.287108
-1.234459
4.426977
1.138489
0.359744
-0.500448
-1.466065
3.300171
0.697577
1.719254
1.667883
1.065367
0.207233
0.546361
0.387565
-0.061891
0.702833
0.933343
-1.154934
1.746037
1.693249
1.551253
-1.826724
-1.187767
2.870143
0.367887
1.719978
1.275307
-0.297251
0.141434
1.270190
-0.821555
1.863563
0.035224
2.366709
-0.591394
0.391760
1.854347
1.406149
-0.729759
-0.903871
-1.043317
0.208476
0.771615
1.933589
1.216690
2.088748
-1.485716
-0.801782
1.427825
4.348542
-0.912903
-3.299443
1.058316
-0.811599
0.411058
0.400639
2.154122
1.648636
2.175254
1.519368
0.163264
0.134910
3.482609
1.813751
-0.821802
1.850051
4.416780
3.443327
0.461636
1.202024
-0.945791
0.736246
0.467255
0.754467
0.959459
1.562503
-0.035819
0.275782
-1.022187
0.672853
-0.424524
-0.427241
3.544017
-0.593331
2.099387
-1.128838
1.862140
0.908403
0.394054
-0.074400
-2.195139
1.050012
1.137831
-0.627598
2.369253
-3.503323
0.340808
-0.335843
2.041075
0.839791
-1.136147
-1.210069
2.039940
1.427222
0.032288
0.152253
-0.470400
0.195308
0.858558
0.749603
-0.746094
1.215611
0.207246
1.011203
-1.263288
2.091969
-1.017230
-0.114288
0.146389
2.173987
-0.050743
0.807167
1.531375
1.939255
-1.190034
2.825311
2.587530
0.290817
0.549928
1.183690
-2.105341
-0.560450
0.726913
1.677135
2.022806
-0.271988
-1.908199
-0.626436
0.529978
0.277013
-1.815921
0.899975
-0.197982
-0.200474
1.227039
0.025940
2.573614
0.334620
-0.322964
1.706329
2.407531
2.229234
-1.771524
0.480342
3.431291
2.591027
-0.861527
0.530442
0.115377
-1.155554
1.088109
2.769669
0.258224
0.551892
2.379118
-1.423947
-1.775134
2.779202
1.128129
0.916306
1.160667
1.688610
-0.668699
-0.175595
2.493346
3.464204
0.779651
-0.282983
0.077677
0.979928
0.483406
-1.190895
1.087645
1.370401
1.839124
-0.211235
2.295992
0.012377
-0.057288
2.042156
-0.503528
-0.116258
-0.115778
-1.153400
2.995538
0.769798
0.669219
0.243742
-1.044318
0.467776
-4.125765
1.973465
0.770037
1.334568
2.583091
2.850793
3.141124
0.261303
1.241318
1.436011
-1.276146
0.316799
-0.441089
1.439476
0.042415
3.261857
1.442083
-1.561603
0.863395
2.234538
-1.315179
1.148408
-2.460427
2.303855
0.790253
-0.049782
1.171965
-1.881629
-0.341257
1.905067
4.013890
0.605692
1.105006
-0.415452
1.449464
1.858990
-0.424711
-0.012751
-0.323402
1.473245
-1.567271
2.008583
-1.369112
1.411338
-0.191068
0.262357
3.193025
-3.637186
-0.805509
2.069921
0.040115
0.674687
1.132445
-3.158208
3.255651
0.679923
-1.083837
1.856354
1.703635
0.469535
0.237481
-0.153390
0.489221
0.855918
1.952691
-0.754833
1.277214
5.356174
1.416964
-0.271475
1.552805
1.606334
-0.840057
-1.431480
-0.408586
0.574107
0.578494
4.684840
2.621844
0.909297
-0.783957
0.618531
1.381594
0.743022
-0.274379
-0.332832
-1.349518
2.363464
-1.515161
2.556870
-0.454847
1.147835
-0.126514
1.093307
3.246400
-0.471848
-1.005286
1.925390
0.189504
-3.075457
-0.671382
0.913330
1.278367
3.070593
-0.535061
1.280350
1.435477
2.278235
0.222437
1.600822
0.171962
2.150567
-1.444231
-2.045568
1.006428
0.564457
2.481963
-0.078591
0.574021
1.210251
-0.889291
2.810024
0.907451
-0.091444
-0.769007
1.623097
-0.127920
1.364863
0.762680
0.914184
1.302479
-0.853322
-1.549273
0.131963
-0.093278
-1.327935
0.196083
-1.027386
-1.760126
3.146641
-0.530517
2.198837
1.124777
-1.265437
3.703587
0.069259
-0.829543
-2.075076
2.386683
0.551738
2.472966
-0.009923
-0.728405
0.589483
-1.732259
-0.640792
0.854556
-0.715284
-2.769221
-0.713837
0.798777
1.798551
0.126510
3.219194
2.756027
-0.303954
-1.061221
0.596011
1.555808
2.186177
2.880567
1.971380
1.837638
-3.472663
1.488318
0.233274
1.429814
-0.648027
0.781480
-1.011517
2.011532
-0.132984
1.766290
-0.521432
-1.400531
1.451649
-0.557316
0.849897
2.227553
0.046482
0.601859
-1.095805
-0.296801
1.188967
1.267271
-1.559585
-0.833234
0.629894
0.041654
-3.446286
0.165668
1.384294
-0.667696
2.834980
-2.162893
-0.703681
-2.022818
-0.409539
2.460513
2.236597
1.372336
0.791922
3.534199
0.078891
4.594767
0.565896
1.225753
-0.632727
-1.234351
-1.550756
-0.261806
0.555339
1.985596
-0.674153
1.706504
4.041854
-0.379259
1.618767
0.621872
-0.149213
-0.016635
0.978982
-0.820414
-0.140114
-0.220191
1.380325
-0.254210
0.558327
-0.370493
1.005236
1.012477
-1.458955
2.794541
2.287528
0.509753
0.513755
0.920205
1.376656
1.458283
-2.181777
0.880452
0.824108
0.366907
-1.059927
2.296365
1.096431
0.462658
1.548439
-0.010671
-1.491802
-1.050535
2.820897
-0.250955
2.385606
-1.281548
-2.414353
-2.615967
-1.478739
1.816603
0.972384
-0.924894
0.203413
1.004865
0.454248
-1.377186
0.214970
-0.375788
2.330077
0.936552
0.721947
0.503660
1.527920
-0.337577
-0.911214
-1.621314
2.864900
2.439883
1.893741
1.381914
1.114995
0.437201
0.968235
1.285931
-0.909146
-0.425381
0.174135
0.688438
1.090185
2.191384
-2.194011
-1.111671
1.714194
1.603883
0.064009
0.387280
1.910156
1.298215
2.247167
-0.296130
1.047808
0.174142
1.876433
1.955481
-1.608572
-1.111164
-2.616359
3.477050
-0.381345
-0.325000
-0.229526
-1.433607
1.507495
1.218266
-1.747100
0.764561
1.207055
-1.382106
0.921259
-0.157063
0.347663
-0.087996
0.961071
-0.897447
-1.887987
1.370811
1.302837
0.004203
1.769354
0.933871
0.558023
1.148523
-1.472357
-2.533645
-2.463403
-1.765629
-1.164094
0.356317
1.780710
-2.428826
-0.139315
-0.321251
0.810706
1.669653
-1.345931
-0.628986
1.102836
-0.074510
-1.217466
-0.957015
0.399370
-0.303221
-0.752252
-0.427220
0.503802
-1.186154
0.070917
-0.217972
0.502683
1.620062
-1.148856
0.164730
1.053865
1.035279
0.886049
2.013732
-0.475739
-1.091700
2.410181
2.675600
1.185238
-0.179779
0.478475
-0.473989
0.846855
0.042087
0.072807
-0.857156
0.963095
1.567851
-2.181993
-0.694752
0.568833
0.334994
1.584069
-0.492302
-1.409697
3.341593
0.568459
1.704463
-0.114221
1.019336
1.042547
-0.725254
0.068677
0.776768
1.787120
0.328213
3.066427
-0.493691
2.037000
1.787915
1.479886
-0.410648
-0.019790
-0.689338
5.559908
-0.466167
1.577802
0.915483
0.189605
-1.361751
2.805173
-0.618740
0.737911
0.294317
1.296794
-0.994340
0.128385
3.354125
-0.035549
-0.724101
-0.344619
0.568366
1.091638
0.628400
0.573446
1.665175
2.149615
-1.956675
0.403755
4.081410
-2.824568
2.331854
-0.672482
-1.974995
-0.700315
2.141895
1.171121
-1.445552
0.982661
0.214818
1.976418
3.748020
2.143694
3.872188
1.238985
0.078705
1.916567
1.028570
1.990646
-0.639992
-0.573456
-0.461532
0.680251
-0.909533
-0.187259
0.226095
-0.603739
1.137609
1.050034
-0.751386
2.456907
-2.082780
-1.480541
0.940681
1.602355
0.056626
3.007985
-0.899954
1.180573
2.048950
0.770101
2.798658
2.494482
0.899625
1.158500
-1.304479
1.132573
0.598059
1.982938
1.711758
0.760584
2.796685
0.753814
-1.230993
0.648679
-4.003132
-1.344491
0.874545
-3.214202
0.488118
2.909621
1.355451
0.229657
2.255961
1.437063
1.286173
0.129665
1.531280
-0.259219
1.674361
1.771914
2.061069
-1.421604
0.375845
-0.050479
2.533889
3.066251
-1.168906
0.137240
-0.100367
2.835293
-1.284404
-0.618039
1.374690
0.856907
0.126737
-0.359824
3.278702
2.497618
-0.829819
1.110812
-0.764809
0.081067
0.272949
1.426399
-0.597276
3.049521
0.818491
-0.126413
-1.134616
1.477538
2.301732
-0.552385
1.410677
-1.586316
2.735289
1.835902
0.016182
-1.487046
0.223334
-2.759165
-0.797110
0.918615
1.745996
-2.744055
0.903800
1.242547
1.344144
1.976759
1.382582
-0.385511
-0.010760
-0.758099
1.962443
1.529393
-0.985596
-1.698703
1.064461
1.232947
2.969662
0.385822
-0.334196
-0.596743
0.115142
0.703307
1.515773
-0.059648
-0.684049
-0.157202
0.402969
0.029029
3.168258
2.310595
1.994780
-0.350194
-1.450216
1.707653
-0.519889
0.984652
1.041217
-0.258556
1.840510
3.421158
0.892711
0.812147
-0.138522
0.400461
2.723809
-2.982801
0.886018
1.500402
1.041146
0.637381
1.002138
2.666185
-0.537762
0.689614
0.534458
1.817057
-0.035094
0.644935
1.358001
3.804418
1.925580
-0.849530
-0.968744
-1.018589
-0.441721
1.620194
0.714843
1.446546
-3.015435
1.516331
-0.334704
2.418190
2.192492
-0.499502
0.714212
0.863372
2.007094
0.692616
1.312808
0.182810
-2.501621
2.483896
-0.565519
-0.011174
-0.103246
1.441755
1.108130
2.169937
-2.483875
2.678858
2.000057
1.535304
1.379335
-0.571450
0.631629
0.520728
-1.020528
1.667218
-2.311294
2.395410
-0.573209
0.142607
-0.924989
0.412483
0.676355
2.364678
1.232622
-0.174907
-0.252370
-0.375428
-2.178369
-0.943437
0.675017
2.176505
-0.185926
-2.402833
0.040686
1.998516
1.657691
-1.770495
1.385495
0.134185
0.507987
-1.425541
-0.114084
0.851370
2.713787
-1.230975
-0.867870
1.861052
-0.345417
1.561385
-0.385098
0.670116
2.793012
2.670726
0.414506
2.169285
1.139978
-1.661078
1.215914
0.472617
-0.611614
1.075370
0.246825
-0.782959
0.910968
3.065184
0.693363
-2.143808
-0.077401
0.215115
-1.924294
-1.576437
0.947846
1.502860
0.076795
-0.481079
0.643991
0.922436
0.725088
0.513314
-2.294999
1.402942
-0.548402
0.817394
2.268734
-1.610589
3.459302
4.165939
-0.202727
0.731597
1.486923
1.280494
0.979741
-3.355542
0.199789
0.808777
2.012760
2.150419
0.837898
-2.949286
-0.182722
1.429698
0.346689
1.852407
-0.644952
-0.735443
-0.206885
0.147211
-1.470173
-0.299793
0.549471
-0.156553
2.289113
2.068177
1.457678
1.272117
0.223685
-0.257308
1.520806
-0.987640
4.184579
-2.576573
-2.017868
-1.848136
0.014012
-2.913617
-2.402177
-0.162789
2.168038
0.494061
-0.466430
0.052296
1.497566
1.613857
0.749645
-1.542475
0.064790
0.147463
0.424473
2.304530
1.809970
0.378366
1.098549
-0.937296
-1.878761
2.181168
1.779599
0.132152
1.411461
-0.518627
0.117631
-0.225501
-1.331647
-0.063122
0.218350
1.052000
-0.054827
-1.002940
0.624073
0.237313
1.633352
0.324502
1.306987
0.084614
0.920549
-0.742009
2.217868
-0.803726
1.873656
0.216248
1.081669
-0.431547
2.012128
-0.619914
-0.521425
0.688779
1.645504
2.072174
-0.829859
0.114730
-1.090363
0.377789
-1.642764
1.430308
-1.409274
1.110383
-0.684281
-2.351781
-0.187220
-1.819228
0.136013
-0.007297
1.400383
0.143913
1.720268
-0.354308
-0.095539
-0.551735
-1.842426
1.020376
0.729678
1.560294
0.124837
0.066301
-0.667096
0.086633
-2.450820
1.296335
4.029219
-0.178833
-0.917841
2.019062
-0.928172
0.796037
-0.259329
-0.548768
-1.207629
1.179869
2.151616
1.237424
1.488724
-0.388282
-1.917357
2.005481
0.927963
3.249015
2.451721
1.315804
0.479788
2.301348
1.591529
-0.080042
3.387382
2.088243
1.564262
0.393655
-0.542554
1.342305
-0.442254
-1.731862
0.706492
1.716370
0.539568
1.561969
-0.150672
1.906669
2.349303
-2.635537
0.714908
-1.545830
1.547658
0.034290
0.326934
-1.929309
1.784044
-0.019825
1.046342
0.644561
1.315448
1.945261
-1.440253
-0.176269
1.346496
0.399342
0.781139
-0.017482
-0.567564
1.991036
1.078940
0.495448
0.452316
-0.144918
-0.650411
1.258637
0.099588
3.676397
1.017717
-1.109196
-1.057137
0.838757
1.145857
-2.698578
0.340179
0.376306
-1.635920
3.854789
-1.427465
2.159937
2.004843
1.119699
-0.424330
-0.917030
0.464375
1.763291
1.324051
2.487124
1.564827
-1.346748
-1.274103
-0.175930
1.719789
-0.418953
1.178733
0.594761
-3.353320
0.778678
-0.870744
1.424041
1.232863
-0.814291
-2.218762
0.769492
1.621117
0.789479
-0.875018
0.380325
-0.350511
-0.263451
1.858488
2.416802
1.440703
3.047023
2.393468
-0.420280
1.454624
1.475713
0.543376
0.767777
1.049830
0.629312
-0.516582
2.128500
3.140808
-0.501924
0.469105
1.869566
0.586720
2.239651
-3.120987
1.112029
1.684154
2.737569
-0.277224
-1.073986
4.541547
-1.046441
1.198826
3.278247
-1.610452
-1.728645
-0.570924
-2.811639
1.742853
-2.142606
-0.588000
0.816358
1.752243
0.116283
0.917039
3.060004
0.162549
-2.253919
0.250744
-2.428764
-1.337644
1.404482
0.685500
-0.262458
-1.139959
2.405904
-2.391985
1.124023
0.388325
2.585052
-0.432506
0.111723
0.412125
0.187731
-0.151091
0.238730
1.880386
-0.919687
1.762585
-0.519431
0.049987
-0.792723
-0.141562
0.575090
0.802568
0.266879
2.154825
0.724567
3.042423
-1.987188
-0.383835
0.957374
0.328032
3.204947
2.096663
1.875715
-0.096216
2.099829
0.673751
-0.503734
-0.876383
-0.713209
-0.771678
-0.159623
0.843168
-1.429016
0.676739
2.695458
2.920387
-0.327236
-1.287789
-1.576437
1.716401
-1.047788
1.037971
0.973616
-1.247657
0.842526
0.379768
3.839262
-0.664231
-0.267194
-1.506039
-0.398476
0.638848
0.948988
1.095066
0.199488
2.645182
1.830554
0.793404
0.503306
-0.223498
1.622404
1.800048
0.533139
-1.387811
2.393214
0.733060
0.680004
1.250685
-0.552214
-0.410081
-1.060615
-2.832559
1.981626
-0.380938
2.953794
1.352700
0.433509
2.821318
-0.194167
-2.031767
1.960480
-0.812585
1.843735
-0.715189
1.833353
-2.072308
1.325258
-0.860385
0.370358
2.378265
0.444973
1.070939
0.905747
0.663212
-1.180919
0.211741
1.740979
-0.912816
0.354312
0.608309
2.421390
2.372379
1.482285
-0.092820
-0.556286
1.449131
0.026536
2.045659
-1.167051
-0.528159
1.731541
0.531423
0.009467
-0.082590
1.404455
-1.134834
3.239104
1.550956
0.739120
-0.757833
4.041136
-0.255998
0.163896
-0.179856
2.468106
-0.400919
0.434660
-1.939216
-1.425700
-1.574494
1.260687
1.147668
-1.997795
-1.341771
-1.335917
1.826563
-0.002698
0.442272
1.387589
-1.212697
-1.354692
-0.061377
1.494090
-1.224434
0.204040
-1.557530
-1.291009
-0.811952
-2.099716
-0.410848
1.041295
1.017578
-0.538157
2.254543
0.235759
-0.202888
0.047674
1.112842
-1.824012
2.080055
-0.392330
2.999174
-0.648602
1.518156
2.378614
-0.165899
-0.310633
1.551007
1.750214
1.102191
0.591948
-0.804234
-1.663689
0.255507
0.724905
-2.452186
-0.355391
-1.938470
-1.757774
-0.719953
-0.166617
2.967081
0.130294
1.555207
0.414352
-0.272123
1.383876
0.501776
-1.811275
1.795446
-0.145589
-0.942980
1.264690
3.990804
1.893950
1.717673
-1.661175
1.094446
2.161385
-0.401939
0.671485
1.582301
1.013813
1.403166
0.080422
-0.422134
-1.796300
1.959336
1.102921
0.155380
2.561747
-0.166755
1.537636
-0.418256
0.296445
-0.108975
1.030421
2.857639
1.286195
-0.718319
1.237231
0.303448
-1.093416
-0.763522
3.320702
0.849161
-0.574114
0.745826
0.330768
0.742008
0.713295
-0.712408
1.716053
1.558210
-2.434948
0.922793
-0.860535
1.727149
-0.642213
-0.427680
0.572825
1.593453
3.127648
0.168080
2.109668
1.456614
1.876329
-1.584424
0.642337
0.807684
0.550731
1.404725
-0.177652
1.182274
-0.348731
0.283226
0.904717
1.678446
1.222252
2.578894
1.100567
1.394069
2.997873
0.470625
0.068803
1.295489
2.150313
1.233378
3.218551
1.633354
0.936853
1.278232
2.197881
-1.310896
-0.863277
0.460193
-1.620180
-0.144177
-1.081579
0.141070
-1.705639
-0.842378
2.775947
-2.081217
-2.001388
3.484995
-3.454524
-0.010131
0.975657
0.827208
-0.256169
0.325929
-0.426397
1.234036
0.903465
-0.236341
3.078518
0.068488
2.401544
0.360947
0.964120
0.127888
1.092869
1.360679
1.447231
2.751224
0.380810
1.199129
-0.935556
-1.814011
0.344075
0.900384
-1.198517
4.160048
4.568209
-0.281500
4.651904
2.471011
2.721550
1.990895
2.563637
-0.449559
1.526412
2.232940
2.280362
1.719631
0.708306
0.987924
-0.175896
0.939615
0.103740
0.821238
1.494409
1.817222
0.021919
2.664723
-1.712854
2.936684
1.830841
0.503589
0.807657
1.266815
0.871120
-2.700290
-0.058174
2.423363
0.502095
-1.353819
0.818132
1.866467
0.349901
-1.279294
0.856562
0.125576
-1.228305
1.176928
1.582050
-0.302966
-1.466087
1.859464
2.153807
1.928282
0.246156
-1.963481
1.830379
2.229892
1.150738
-0.369511
1.051889
2.327772
0.942283
1.593474
1.742470
-1.034676
-3.333199
1.142970
3.732237
2.267784
-0.711443
1.725704
-0.583385
1.771453
0.852264
2.421139
2.201383
-0.598500
2.269707
-0.148295
-1.154895
-0.556945
-1.402320
1.073130
-1.016048
1.579923
1.722692
0.746326
-0.028685
1.619057
-0.686481
-1.414385
5.813186
0.204501
2.736864
-0.326019
1.165374
-1.314442
0.800418
-0.096614
1.366358
-0.453591
0.262351
0.475087
1.093229
0.454823
1.761735
1.748029
-1.246615
1.434498
0.310486
0.216722
0.474343
0.945847
-0.835870
3.699757
-1.586623
0.065617
-0.922803
-0.458905
1.206298
1.607428
1.458636
1.224073
-1.537173
1.330528
0.701223
2.232693
-1.051590
0.733742
-0.573796
-0.702457
-2.122910
1.349268
0.674343
-0.646660
1.279931
1.233689
0.784830
-1.240173
1.186552
4.036541
-1.243353
1.517781
2.856063
-1.662037
-0.004889
-1.228957
0.258892
-1.370885
1.007507
2.915460
-1.994417
-0.236395
1.128385
-1.862962
1.982567
0.335087
2.267806
1.632494
0.651931
-0.118643
0.717124
0.337889
-2.711854
-1.140582
0.538641
1.839424
-0.682561
-1.207293
0.156812
0.715906
1.776775
0.066560
2.567679
4.156258
0.157289
0.984939
-1.483255
-0.501505
0.438829
2.197105
-0.220786
0.277440
-0.334242
1.711724
-2.395160
0.288717
-0.708361
-0.199444
2.512511
-0.598361
-1.865821
-3.567445
3.651371
-1.783859
2.193622
-1.331170
-2.117430
0.324323
2.479753
-1.070803
1.187546
1.205138
-1.392067
1.257887
0.885994
1.465975
1.773617
3.044319
-0.578943
0.587032
1.019539
0.443381
-2.000643
-0.350935
0.040618
-1.592369
1.282099
0.274886
-1.552922
-1.811898
0.891432
1.361856
-2.920750
-1.585329
0.952009
-0.543699
-1.757734
0.206216
0.517025
-0.691777
2.485594
-1.655810
2.761224
2.296293
-0.761127
-1.998476
0.312537
-1.046216
1.770507
1.793355
0.915397
0.230538
-2.903608
3.249448
3.778445
-0.471591
1.484575
-1.787387
-0.397056
-0.503500
-1.081402
1.170585
0.943706
1.595057
-0.747912
2.218989
-0.717962
-0.939052
0.436408
-0.831949
-2.500662
-1.892855
1.714841
0.902948
1.235551
-1.922655
1.808897
-1.361369
1.362070
0.307167
1.290774
-0.132818
-1.646680
1.841666
-0.363128
0.003010
2.708735
-2.632127
2.686306
3.676188
0.182676
3.549474
0.326132
-2.154843
-1.073646
-2.098179
2.933918
1.146262
0.665725
-2.320167
2.141091
-1.341126
-2.219713
0.458016
-1.814678
1.581167
0.058580
0.618432
0.409825
1.204833
4.120974
0.322089
0.172156
-0.288153
2.198376
1.886411
-1.324208
1.764719
1.194185
-0.025360
1.517838
-1.478942
1.252843
0.180259
0.962171
0.785405
0.498646
0.144901
0.562839
-0.381798
1.749458
-2.245838
0.260857
1.725417
-1.642134
0.428861
-0.176607
-0.287259
-0.557534
1.230171
1.921288
1.660626
-0.550341
0.124600
1.998634
0.488633
1.660562
3.162345
2.755582
1.356800
0.763156
-0.588147
-0.319136
0.857112
-0.980348
2.511368
0.511749
1.897451
1.169820
3.324296
3.367483
-0.795307
0.268231
2.295821
1.631893
0.728879
-0.439515
3.817511
-1.263061
-1.733395
-0.091751
-1.377463
0.543428
1.271024
-1.648711
-1.036264
-0.355623
-1.211688
0.553973
0.605839
2.405964
1.769074
0.579729
-2.900032
2.396410
-0.211143
-0.274447
0.982906
0.014234
0.432392
-1.420146
1.369936
0.564155
0.954428
0.299024
-0.319228
1.777674
-0.201234
-0.135926
-1.157588
2.225694
-0.300705
1.923456
-0.836030
0.887355
-1.040777
2.697304
1.281106
1.198246
0.468465
2.296087
-1.028941
0.998625
-0.323903
1.109354
0.968005
2.148829
-0.646885
2.091722
-0.872521
-1.246433
-0.579407
0.779601
-2.107534
-0.186047
-1.298987
-1.509658
-1.600509
1.543327
-0.838699
0.484612
-1.284945
-1.032892
2.957164
2.014386
1.635581
-0.752167
1.635728
-1.006060
0.791338
-0.988778
0.167027
-0.609119
1.183619
1.013714
0.120784
-0.882532
1.814420
0.482804
2.391828
0.014780
1.107019
-0.075884
-2.277118
0.834565
-1.455892
1.655913
-0.632094
0.121281
2.303500
2.405111
-1.804425
3.266438
0.968318
0.120944
0.657660
0.351945
0.359513
-0.913940
-1.074766
2.523964
-0.615189
-0.328017
0.305157
4.734966
1.391364
0.733586
0.256479
0.326850
2.125826
0.246404
1.324382
0.898347
0.243209
0.428779
0.398414
0.145556
-0.252543
0.120725
0.775142
1.061094
1.496376
0.654225
-0.221042
-0.368672
-0.614092
0.302659
-1.541752
-0.663948
-1.186508
-0.527916
-0.179030
0.433537
2.075569
3.144629
-1.172937
0.474458
4.442598
-0.878567
0.105745
-0.973906
-0.083096
0.058682
-1.181280
-2.060572
-0.449780
-1.293832
0.255401
1.760257
-0.159396
-0.739226
1.971517
0.479030
1.049159
-0.642795
2.246387
-1.925616
0.005254
-0.450592
-0.113455
-1.941072
2.227155
1.025063
2.814800
-1.345194
1.421564
-1.250074
-1.953803
1.141097
2.737910
0.857062
1.511532
1.449306
-0.661319
0.480039
2.194812
1.018075
2.591395
0.249153
2.692039
0.973778
-2.775789
1.903598
1.997607
-0.714584
