-1.685004
-1.865874
-1.745560
0.380545
-1.176158
0.313787
1.828306
1.333129
-1.096497
-0.830789
-0.061600
-2.320031
0.241621
-1.080136
-0.848291
0.766858
1.583341
-0.792948
0.921727
-0.537367
1.469731
-0.226575
-0.044762
0.677373
-2.396461
0.677642
-2.869259
-0.631118
0.807392
-2.169056
-2.320291
0.867072
0.873181
-1.443132
-1.724381
1.335989
1.969854
0.333494
-1.970861
-1.256311
-1.820761
1.469025
-2.103795
-0.476671
1.596463
-0.250167
-1.554182
1.859162
-0.070239
-2.498281
-0.601589
-2.912242
1.949294
-0.218905
-1.142739
1.986404
-1.506738
-0.746550
0.739712
0.338727
0.986260
-0.931997
-1.070953
-1.504346
-0.540104
0.476429
0.338466
1.602241
1.860597
-0.948234
1.037756
-0.435813
-1.701385
-2.173752
-1.257560
-2.814096
1.479176
-1.485971
-1.710790
-0.249663
1.912815
1.672953
0.325605
0.440192
1.298041
-0.821717
-2.597431
-2.030638
-0.929603
-0.830658
-2.866695
-2.547346
-0.245770
-2.650638
-1.276559
-2.129336
0.245958
1.816897
-0.401256
-0.914701
-0.372637
0.094971
-0.813445
1.425770
0.919087
0.096863
0.975506
-1.674795
-0.273354
-1.263544
1.621245
1.274253
-0.627330
-0.528186
0.780062
-1.488337
-1.476533
1.906470
0.048768
-2.354099
-2.343850
-0.090745
-2.161721
0.946198
0.760995
-1.961449
1.932182
-2.820053
1.364534
1.731925
1.453877
-1.684473
-2.941309
-1.574984
-2.758449
1.742277
0.449954
0.367660
-2.750109
1.917442
-0.553285
-1.058501
-2.231028
1.119018
0.323343
-2.579215
-0.861468
-0.692195
-0.727297
-0.682573
0.997502
-1.989982
-2.620181
0.614596
-2.477245
-2.052793
1.706227
-0.445601
-1.226889
-2.321520
0.217548
-0.661634
-2.083504
0.541795
-1.045397
-1.990109
0.230619
-0.977406
0.745227
-1.965521
-1.504839
1.172241
-0.148947
-0.361419
-1.368458
-1.677788
-0.589004
-1.388138
-2.439093
-0.837381
-0.868980
-1.947497
1.412866
-0.964436
-1.276693
0.625396
-0.972393
-0.015960
-0.244353
1.156394
-1.478806
-1.299751
-1.917744
1.476382
1.547635
-0.896638
-1.790395
1.831886
1.506717
1.395287
-1.418719
-1.416798
0.878519
-1.727153
-0.255248
-1.952119
-1.266119
-1.657715
1.774978
0.057518
-0.306208
1.561569
-1.703221
1.970708
-0.302692
0.647096
-1.252433
-1.647141
-0.492481
0.880465
0.977914
-1.200022
-0.763571
-0.335333
-2.943001
-0.008419
1.511093
-0.061417
0.761172
1.011124
1.957185
-2.584604
-1.435609
-0.279798
0.437232
1.566434
0.061129
0.389399
-2.376178
1.583839
-2.420690
-1.529407
-1.743949
-2.551644
-2.474353
1.544812
1.655568
-1.865591
-1.992214
-0.143826
0.716277
1.471411
-1.990052
1.194946
1.451160
-2.344998
0.610484
-1.589681
0.228384
1.453439
0.954670
-1.861813
1.507385
-2.380526
-1.499854
-0.043972
-1.034783
1.406382
0.061824
-2.915775
-2.432422
1.282715
1.591692
-0.438051
0.683793
0.512696
-0.110908
-1.025392
-0.770421
-0.463729
-0.898679
-1.091611
1.302457
-1.609266
1.063346
-0.347668
-0.264657
-0.089310
1.963375
1.439662
-0.609126
0.416211
-1.747806
-2.369830
-1.724200
-0.623740
-0.203275
1.554980
-2.447363
0.168570
1.159556
1.655862
-1.921556
-2.598377
-2.927716
1.884365
-1.473207
-2.187661
-0.015322
0.475777
-0.615985
0.133244
-2.574800
-1.658135
-0.272941
0.675472
0.654969
1.065018
-2.247364
1.559849
-0.626155
-0.790709
-1.441263
-0.314187
-2.535833
-1.742155
-2.400047
0.404424
0.162914
1.101062
-1.453590
-2.494538
-2.701960
1.164219
0.029163
-1.853402
-2.123890
1.786616
0.663647
1.913478
-2.165666
-0.346280
-1.919693
-1.282570
1.854737
0.572171
-0.527339
0.014741
0.756116
1.039528
-0.647086
-2.572154
-2.196414
-2.125433
0.844942
-1.065822
-0.267735
-1.825446
-2.269768
0.013344
-2.719705
-2.079030
0.740564
-0.334869
-0.146411
-2.721559
1.755037
-0.093246
0.819245
-2.942252
-2.431365
-0.947983
0.247404
1.109674
-1.710683
1.559206
-1.415901
0.953046
0.837346
1.267939
-1.760019
-2.634794
0.010255
0.351161
-0.034028
1.087002
-2.757701
-0.681726
0.233276
-1.330239
0.680625
-2.727942
-0.510754
-1.240822
-1.489110
0.531146
-0.029492
-2.678448
1.321399
1.748339
-2.667193
0.482239
-2.004333
1.176558
-2.597213
1.638403
-0.356832
0.722414
-0.391599
1.397389
-1.084423
-2.899334
-1.102968
0.422202
-1.050960
-0.491665
-0.408949
-0.205616
-2.794361
-1.823211
0.285691
-0.387228
-0.132726
-2.728985
1.950665
-2.162539
-2.791936
-1.068489
-0.097844
-1.456642
1.218246
-1.927574
1.259183
1.090152
0.180095
-0.136592
-2.699237
1.921596
-0.742501
-1.222842
0.684659
0.070017
-0.221139
1.320077
-0.472289
0.244710
0.851463
-1.458890
-1.563903
-1.519036
-2.435953
1.939035
-2.633038
-0.461754
-2.701020
1.952002
0.289984
1.760823
-2.852016
-0.839878
-2.822937
-2.099240
1.078761
-1.275124
1.998108
0.200757
-2.871627
-0.428557
0.235483
0.765343
1.119622
0.490305
-1.442460
-0.433591
0.641432
-1.456028
1.532815
0.011864
-2.596563
-2.434733
-2.558538
1.649050
-1.423413
-0.296426
0.973161
-1.087960
-2.339865
1.892175
-0.217364
-0.231157
-2.046923
0.372012
0.403473
-0.826828
1.507618
1.536846
-2.233066
1.865973
-0.591001
0.055560
1.798153
-0.438798
-1.881364
-2.090790
-1.899639
0.774306
1.757586
-2.247787
-0.559565
-1.605895
-2.284150
-1.706770
-2.687043
1.861140
-1.818187
-0.267041
-0.157073
-1.923736
0.766232
1.055231
-1.740936
-1.913743
-1.281332
-2.345708
-1.313615
0.067060
0.071594
1.285443
-2.552907
1.301081
0.271013
-2.085852
1.082141
0.553631
-2.130005
-0.989773
-2.120205
-1.291932
-0.510343
0.662153
1.813099
0.759402
1.266616
1.016458
1.608128
0.805510
1.196055
0.101633
1.150280
0.761435
0.434196
0.538155
-2.236765
-0.313552
-1.875574
0.221386
-1.168712
0.455867
-0.246843
-0.686037
-2.217068
0.741985
-1.464052
1.684316
1.291402
-2.410090
1.619223
-2.714495
0.489433
-1.101681
-2.945361
0.314668
1.621122
-0.805057
-2.586884
0.249813
1.613013
-2.087973
0.446843
-1.907165
-0.729209
-2.823202
-1.552444
1.077307
-0.703453
0.073044
0.642670
-0.648647
1.184816
1.211585
1.110422
0.861832
-2.191787
0.641833
0.284471
-0.889458
-1.126369
-2.877193
1.012324
-2.864517
-0.940013
-0.791686
-2.870417
-0.096746
1.993789
-2.392339
-0.048659
0.185688
-1.130666
-0.106912
1.134795
0.504838
-2.180537
-0.281108
-1.580223
-0.800682
0.944517
-2.507734
0.520845
1.842493
-0.216809
-0.905490
-0.564705
-2.994220
-0.858831
-1.369744
1.705271
-1.509811
-2.402387
1.084276
1.423016
-0.373965
-2.235382
-2.061331
-1.791623
1.189681
-2.040266
-2.754109
-0.314670
-0.660817
1.645395
-2.843311
0.476717
0.191559
-2.473021
-1.057137
0.705322
-2.662161
0.060833
0.429907
-1.557146
-2.952783
0.577212
-0.800083
1.009267
0.745507
-2.256785
-1.794603
1.114339
1.702924
-0.953030
0.425996
-2.284443
-1.632100
-2.705567
0.541750
-1.812460
0.991275
-1.647009
1.723165
-0.771712
-2.155373
-2.347674
0.641340
-2.989684
0.387850
1.592927
0.323586
1.497424
0.199309
-2.213944
-1.753330
-0.220114
-1.446728
-2.155065
-2.172135
0.922951
0.031857
-1.573160
-2.096808
1.938708
1.866903
0.042250
-1.897246
0.985291
-2.213780
1.003039
1.073493
0.191696
-0.165103
-1.878791
1.158783
-1.324758
-2.208526
-0.695637
1.429729
-2.536426
-1.705671
0.788001
1.936898
1.439466
1.114130
-1.824929
1.415898
-0.007063
-0.711159
0.544128
-1.843192
-0.524678
-0.266559
-2.053102
1.509752
-2.590795
-0.492667
-2.249613
-1.245076
-2.992580
1.702668
-0.264264
1.520020
-0.032227
1.356229
-2.865968
-0.315631
-1.809748
1.573340
1.134872
1.794507
-1.726118
-2.858090
-2.918234
1.248535
-2.865964
-0.260651
-2.756786
-0.299271
-1.847951
-0.515651
1.462166
-2.369661
1.106402
-1.694214
-1.648370
-1.158556
1.143228
-2.767715
1.021125
0.052336
-2.393975
-2.545238
0.186161
1.800733
-2.081652
1.680414
0.721532
-0.206799
-2.662499
-0.625258
-0.719313
-1.491880
-1.033129
-0.803785
-1.217726
1.684248
0.162761
-1.474518
0.775710
0.349981
0.126126
-2.205941
-2.249465
1.233848
0.286436
-2.867580
-2.421478
0.214797
-1.899550
-2.732032
0.744453
0.027954
-2.181887
-2.978635
1.076561
1.758235
-1.355829
0.580194
-0.678997
1.104448
0.457536
-2.187431
-1.146474
-0.791721
1.540962
1.946208
-2.082494
-2.468761
0.527415
-2.734715
0.643748
-2.522267
1.252112
-2.747865
-0.371785
-0.586451
1.516097
-0.969114
0.094945
-1.259274
-1.624331
-2.138092
-1.907902
1.889826
0.315156
-0.169917
-2.792140
0.501487
1.493436
-1.823174
0.918179
-0.160879
-0.888613
-1.918573
-2.465043
-1.975896
-0.881277
1.383605
-2.758806
0.749743
-1.061361
-0.293466
0.723629
0.035264
0.682132
-2.415468
1.238237
-0.949486
-0.006686
0.632582
-0.186315
1.606767
-2.073746
-0.454602
-2.495032
-1.006129
-2.005890
0.002048
-2.575879
0.198854
0.141963
-1.026388
-2.494355
0.382921
-1.243518
-1.799014
1.975848
1.074245
-2.165704
-0.995203
1.624603
-2.297859
-2.120951
1.176681
-0.528273
-0.689612
-2.311883
-2.821962
-0.708553
-0.646909
0.395096
-1.617106
-0.701603
1.162708
-0.359266
-0.176627
-0.564878
-0.895338
0.056171
-2.928602
1.981119
-0.333212
-2.288371
-2.649286
1.455443
-0.362163
1.128487
-0.528925
-1.649503
-0.199643
-2.403057
-0.180296
-2.230837
-0.670254
-1.956761
0.726189
-1.938097
-0.596883
1.184098
-0.863994
1.853273
0.964031
0.466914
0.424376
0.492314
-2.674377
-0.258290
1.922867
0.628926
-1.642449
-1.640049
-1.307990
-0.389774
-2.924613
-0.974015
-2.267261
-2.849601
-0.241409
0.641588
1.171088
0.479849
-2.171608
-0.213530
-0.792315
1.566332
-1.649403
1.490422
-2.475397
-0.988994
0.971901
-2.249171
1.184731
-0.224162
0.503187
0.065475
-1.558488
-0.507870
-2.778260
-1.224303
1.141322
0.197156
1.600564
-1.320633
-2.873468
-1.384431
-0.124093
-2.633695
-1.506679
0.253151
-2.280920
-2.415442
1.660861
-2.908926
-2.319287
-2.260294
-0.755495
0.402828
-1.664471
-1.759891
-0.489117
-2.589748
-2.893706
-1.513860
-0.447189
-2.907177
-2.929744
-2.215947
-0.427614
1.084977
-1.798377
-2.318188
1.218469
1.800713
-2.426990
-2.424488
-0.363310
1.856131
-1.016850
-2.199355
-1.563003
-1.397512
0.012963
0.872181
1.753105
-2.563169
-1.183136
-1.968895
1.781063
-2.671050
0.659553
-1.888407
-0.465055
